SecondsPlayed,Minutes,PlusMinus,OffPoss,DefPoss,PenaltyOffPoss,PenaltyDefPoss,SecondChanceOffPoss,TotalPoss,AtRimFGM,AtRimFGA,SecondChanceAtRimFGM,SecondChanceAtRimFGA,PenaltyAtRimFGM,PenaltyAtRimFGA,ShortMidRangeFGM,ShortMidRangeFGA,LongMidRangeFGM,LongMidRangeFGA,Corner3FGM,Corner3FGA,SecondChanceCorner3FGM,SecondChanceCorner3FGA,PenaltyCorner3FGM,PenaltyCorner3FGA,Arc3FGM,Arc3FGA,SecondChanceArc3FGM,SecondChanceArc3FGA,PenaltyArc3FGM,PenaltyArc3FGA,FG2M,FG2A,FG3M,FG3A,FtPoints,Points,OpponentPoints,SecondChanceFG2M,SecondChanceFG2A,SecondChanceFG3M,SecondChanceFG3A,SecondChanceFtPoints,SecondChancePoints,PenaltyFG2M,PenaltyFG2A,PenaltyFG3M,PenaltyFG3A,PenaltyFtPoints,PenaltyPoints,PtsAssisted2s,PtsUnassisted2s,PtsAssisted3s,PtsUnassisted3s,PtsPutbacks,HeaveMakes,HeaveAttempts,NonHeaveArc3FGA,NonHeaveArc3FGM,Fg2aBlocked,TwoPtAssists,ThreePtAssists,Assists,Arc3Assists,Corner3Assists,AtRimAssists,ShortMidRangeAssists,LongMidRangeAssists,AssistPoints,OffThreePtRebounds,OffTwoPtRebounds,FTOffRebounds,DefThreePtRebounds,DefTwoPtRebounds,FTDefRebounds,DefRebounds,OffRebounds,Rebounds,SelfOReb,Steals,BadPassSteals,LostBallSteals,LiveBallTurnovers,BadPassOutOfBoundsTurnovers,BadPassTurnovers,DeadBallTurnovers,LostBallOutOfBoundsTurnovers,LostBallTurnovers,Travels,Turnovers,SecondChanceTurnovers,PenaltyTurnovers,ShootingFouls,Fouls,Clear Path Fouls,Loose Ball Fouls,Offensive Fouls,FTA,2pt And 1 Free Throw Trips,Technical Free Throw Trips,TwoPtShootingFoulsDrawn,ThreePtShootingFoulsDrawn,NonShootingFoulsDrawn,Blocked2s,Blocked3s,BlockedArc3,BlockedAtRim,BlockedCorner3,BlockedLongMidRange,BlockedShortMidRange,Blocks,RecoveredBlocks,DefensiveGoaltends,OffensiveGoaltends,3SecondViolations,Defensive 3 Seconds Violations,FirstChancePoints,PenaltyPointsExcludingTakeFouls,PenaltyOffPossExcludingTakeFouls,NonShootingPenaltyNonTakeFouls,Assisted2sPct,NonPutbacksAssisted2sPct,Assisted3sPct,Fg3Pct,SecondChanceFg3Pct,PenaltyFg3Pct,NonHeaveFg3Pct,Fg2Pct,SecondChanceFg2Pct,PenaltyFg2Pct,EfgPct,SecondChanceEfgPct,PenaltyEfgPct,TsPct,SecondChanceTsPct,PenaltyTsPct,FG3APct,FG2APctBlocked,AtRimPctBlocked,ShortMidRangePctBlocked,LongMidRangePctBlocked,LiveBallTurnoverPct,DefFTReboundPct,OffFTReboundPct,DefTwoPtReboundPct,OffTwoPtReboundPct,DefThreePtReboundPct,OffThreePtReboundPct,DefFGReboundPct,OffFGReboundPct,OffAtRimReboundPct,OffShortMidRangeReboundPct,OffLongMidRangeReboundPct,OffArc3ReboundPct,OffCorner3ReboundPct,DefAtRimReboundPct,DefShortMidRangeReboundPct,DefLongMidRangeReboundPct,DefArc3ReboundPct,DefCorner3ReboundPct,SelfORebPct,Pace,BlocksRecoveredPct,SecondsPerPossOff,SecondsPerPossDef,SecondsExcludingORebsPerPossOff,SecondsExcludingORebsPerPossDef,AtRimFrequency,AtRimAccuracy,UnblockedAtRimAccuracy,AtRimPctAssisted,ShortMidRangeFrequency,ShortMidRangeAccuracy,UnblockedShortMidRangeAccuracy,ShortMidRangePctAssisted,LongMidRangeFrequency,LongMidRangeAccuracy,UnblockedLongMidRangeAccuracy,LongMidRangePctAssisted,Corner3Frequency,Corner3Accuracy,UnblockedCorner3Accuracy,Corner3PctAssisted,Arc3Frequency,Arc3Accuracy,UnblockedArc3Accuracy,Arc3PctAssisted,SecondChanceAtRimFrequency,SecondChanceAtRimAccuracy,SecondChanceAtRimPctAssisted,SecondChanceCorner3Frequency,SecondChanceCorner3Accuracy,SecondChanceCorner3PctAssisted,SecondChanceArc3Frequency,SecondChanceArc3Accuracy,SecondChanceArc3PctAssisted,PenaltyAtRimFrequency,PenaltyAtRimAccuracy,PenaltyCorner3Frequency,PenaltyCorner3Accuracy,PenaltyArc3Frequency,PenaltyArc3Accuracy,AtRimFG3AFrequency,NonHeaveArc3Accuracy,ShotQualityAvg,SecondChanceShotQualityAvg,PenaltyShotQualityAvg,ShootingFoulsDrawnPct,TwoPtShootingFoulsDrawnPct,ThreePtShootingFoulsDrawnPct,SecondChancePointsPct,PenaltyPointsPct,Avg2ptShotDistance,Avg3ptShotDistance,PenaltyOffPossPct,player_on,Fg3aBlocked,3pt And 1 Free Throw Trips,FG3APctBlocked,Corner3PctBlocked,Arc3PctBlocked,player_id,team_id,year,season,player_vs,FoulsDrawn,Offensive Fouls Drawn,StepOutOfBoundsTurnovers,Loose Ball Fouls Drawn,NonShootingPenaltyNonTakeFoulsDrawn,BlockingFouls,Charge Fouls,Charge Fouls Drawn,BlockingFoulsDrawn,Transition Take Fouls,Transition Take Fouls Drawn
149188.0,2486.0,270.0,4901.0,4885.0,1274.0,1115.0,590.0,9786.0,782.0,1295.0,156.0,282.0,202.0,326.0,273.0,711.0,457.0,1149.0,105.0,280.0,13.0,27.0,27.0,71.0,298.0,855.0,35.0,85.0,69.0,231.0,1512.0,3155.0,403.0,1135.0,941.0,5174.0,4904.0,213.0,438.0,48.0,112.0,113.0,683.0,338.0,713.0,96.0,302.0,385.0,1349.0,1532.0,1492.0,1050.0,159.0,242.0,1.0,5.0,849.0,297.0,215.0,766.0,350.0,1116.0,247.0,103.0,435.0,100.0,231.0,2582.0,185.0,469.0,21.0,465.0,1234.0,113.0,1812.0,675.0,2487.0,72.0,396.0,229.0,167.0,421.0,102.0,282.0,339.0,28.0,139.0,58.0,760.0,61.0,184.0,501.0,993.0,1.0,68.0,64.0,1209.0,113.0,34.0,490.0,20.0,130.0,285.0,9.0,4.0,199.0,5.0,13.0,73.0,294.0,172.0,10.0,6.0,14.0,12.0,4491.0,1329.0,1261.0,94.0,0.5066137566137566,0.5506829618979152,0.8684863523573201,0.3550660792951541,0.4285714285714285,0.3178807947019867,0.3557522123893805,0.4792393026941363,0.4863013698630137,0.4740532959326788,0.4933566433566433,0.5181818181818182,0.4748768472906404,0.5345938084354872,0.551948051948052,0.5380914194065758,0.2645687645687645,0.0681458003169572,0.1111969111969111,0.0857946554149085,0.0087032201914708,0.5539473684210526,0.8625954198473282,0.1640625,0.7314759928867812,0.2891491985203452,0.8017241379310345,0.2620396600566572,0.7494486104984561,0.2809278350515464,0.4099009900990099,0.2702078521939954,0.2119883040935672,0.2462686567164179,0.3117647058823529,0.6148282097649186,0.7182795698924731,0.8370702541106129,0.801909307875895,0.8012422360248447,0.0342042755344418,94.45692683057618,0.5850340136054422,15.112834115486637,15.37768679631525,14.34421546623138,14.78403275332651,0.3018648018648018,0.6038610038610038,0.6794092093831451,0.5562659846547314,0.1657342657342657,0.3839662447257383,0.42,0.3663003663003663,0.2678321678321678,0.3977371627502176,0.4012291483757682,0.5054704595185996,0.0652680652680652,0.375,0.3790613718411552,0.9809523809523808,0.1993006993006993,0.3485380116959064,0.3510011778563015,0.8288590604026845,0.5127272727272727,0.5531914893617021,0.141025641025641,0.049090909090909,0.4814814814814814,1.0,0.1545454545454545,0.4117647058823529,0.8857142857142857,0.3211822660098522,0.6196319018404908,0.0699507389162561,0.380281690140845,0.2275862068965517,0.2987012987012987,0.5664335664335665,0.3498233215547703,0.4992042883851368,0.5124168997668997,0.4914297123015872,0.1089045483664317,0.138731596828992,0.0173761946133796,0.1320061847700038,0.2607267104754542,9.26618066561014,25.20088105726872,0.259946949602122,True,9.0,4.0,0.0079295154185022,0.0107142857142857,0.0070175438596491,203506,1610612753,2014,2013-14,True,1066.0,72.0,9.0,75.0,107.0,30.0,16.0,31.0,24.0,,
90272.0,1505.0,176.0,2876.0,2877.0,629.0,582.0,321.0,5753.0,485.0,751.0,100.0,167.0,97.0,151.0,183.0,468.0,287.0,709.0,68.0,148.0,8.0,15.0,12.0,28.0,188.0,495.0,13.0,39.0,46.0,113.0,955.0,1928.0,256.0,643.0,508.0,3186.0,3010.0,137.0,263.0,21.0,54.0,49.0,386.0,191.0,355.0,58.0,141.0,200.0,756.0,1012.0,898.0,678.0,90.0,154.0,,4.0,491.0,188.0,124.0,506.0,226.0,732.0,160.0,66.0,278.0,70.0,158.0,1690.0,90.0,283.0,10.0,300.0,722.0,74.0,1096.0,383.0,1479.0,57.0,185.0,112.0,73.0,209.0,46.0,130.0,178.0,10.0,79.0,35.0,387.0,30.0,84.0,258.0,507.0,,22.0,35.0,671.0,55.0,12.0,289.0,4.0,63.0,145.0,6.0,4.0,90.0,2.0,10.0,45.0,151.0,91.0,8.0,,8.0,9.0,2800.0,738.0,620.0,44.0,0.5298429319371728,0.5763097949886105,0.8828125,0.3981337480559875,0.3888888888888889,0.4113475177304964,0.4006259780907668,0.4953319502074689,0.5209125475285171,0.5380281690140845,0.5208090237261765,0.5315457413249212,0.5604838709677419,0.5531173807035876,0.5545977011494253,0.6130081300813008,0.2500972384286269,0.0643153526970954,0.0865512649800266,0.1047008547008547,0.0141043723554301,0.5400516795865633,0.961038961038961,0.1234567901234567,0.720558882235529,0.2938733125649013,0.7537688442211056,0.2412868632707774,0.73,0.2791916167664671,0.4083969465648855,0.2872340425531915,0.2267303102625298,0.2448979591836734,0.2278481012658227,0.6109215017064846,0.6746575342465754,0.829736211031175,0.7509293680297398,0.7596899224806202,0.0469522240527182,91.77064870613258,0.6026490066225165,15.519123783031988,15.86339937434828,14.70201668984701,15.19082377476538,0.2921042395954881,0.6458055925432756,0.706997084548105,0.5731958762886598,0.1820303383897316,0.391025641025641,0.4367541766109785,0.3825136612021858,0.2757681835861532,0.4047954866008462,0.4105865522174535,0.5505226480836237,0.05756514974718,0.4594594594594595,0.4594594594594595,0.9705882352941176,0.1925320886814469,0.3797979797979798,0.3813387423935091,0.851063829787234,0.526813880126183,0.5988023952095808,0.18,0.0473186119873817,0.5333333333333333,1.0,0.1230283911671924,0.3333333333333333,0.8461538461538461,0.3044354838709677,0.6423841059602649,0.0564516129032258,0.4285714285714285,0.2278225806451612,0.4070796460176991,0.5422014780241151,0.3828920570264765,0.50130151928321,0.5161096525096526,0.4941539553752536,0.1043447293447293,0.1336725254394079,0.0061919504643962,0.1211550533584431,0.2372881355932203,9.360165975103731,25.235458786936245,0.2187065368567455,False,2.0,1.0,0.0031104199066874,,0.004040404040404,203506,1610612753,2014,2013-14,True,611.0,42.0,8.0,40.0,51.0,16.0,10.0,23.0,9.0,,
142760.0,2379.0,24.0,4777.0,4758.0,1249.0,1073.0,540.0,9535.0,861.0,1437.0,161.0,298.0,198.0,336.0,271.0,744.0,305.0,737.0,122.0,343.0,8.0,23.0,35.0,93.0,331.0,942.0,25.0,84.0,76.0,260.0,1437.0,2918.0,453.0,1285.0,883.0,5116.0,5092.0,205.0,421.0,33.0,107.0,95.0,604.0,323.0,677.0,111.0,353.0,385.0,1364.0,1414.0,1460.0,1185.0,174.0,234.0,1.0,8.0,933.0,330.0,241.0,707.0,395.0,1102.0,275.0,120.0,451.0,94.0,162.0,2599.0,171.0,466.0,10.0,520.0,1115.0,97.0,1732.0,647.0,2379.0,100.0,374.0,228.0,146.0,380.0,118.0,238.0,353.0,50.0,142.0,39.0,733.0,64.0,166.0,411.0,896.0,4.0,53.0,47.0,1166.0,100.0,33.0,458.0,16.0,140.0,276.0,9.0,6.0,185.0,3.0,16.0,75.0,285.0,158.0,9.0,3.0,6.0,7.0,4512.0,1331.0,1229.0,94.0,0.4919972164231037,0.5356060606060606,0.8719646799116998,0.3525291828793774,0.308411214953271,0.3144475920679886,0.3539545810493343,0.4924605894448252,0.4869358669833729,0.4771048744460857,0.5035688793718772,0.4820075757575757,0.4752427184466019,0.5398896668788458,0.5127551020408163,0.5384006334125099,0.3057339995241494,0.0825908156271418,0.115518441196938,0.0873655913978494,0.0135685210312075,0.5184174624829468,0.9065420560747663,0.074074074074074,0.6973108192620388,0.3191780821917808,0.7963246554364471,0.2159090909090909,0.7260213143872114,0.2828596802841918,0.3760984182776801,0.3148936170212766,0.2470308788598574,0.2069565217391304,0.2396313364055299,0.5921787709497207,0.6844262295081968,0.8066202090592335,0.7979591836734694,0.7914110429447853,0.0500250125062531,96.1782011768002,0.5543859649122806,15.104877538203894,14.839007986548973,14.365082687879422,14.209541824295922,0.3418986438258387,0.5991649269311065,0.6774193548387096,0.5238095238095238,0.1770164168451106,0.364247311827957,0.3991163475699558,0.3468634686346863,0.1753509398049012,0.4138398914518317,0.4195323246217332,0.5311475409836065,0.0816083749702593,0.3556851311953353,0.3630952380952381,0.9836065573770492,0.22412562455389,0.351380042462845,0.355531686358754,0.8308157099697885,0.5643939393939394,0.540268456375839,0.1366459627329192,0.043560606060606,0.3478260869565217,1.0,0.1590909090909091,0.2976190476190476,0.96,0.3262135922330097,0.5892857142857143,0.0902912621359223,0.3763440860215054,0.2524271844660194,0.2923076923076923,0.6476326433499882,0.3536977491961415,0.5167325811843363,0.5337214805825242,0.5055746070726914,0.103651869669801,0.1398046398046398,0.0123361603700848,0.1180609851446442,0.2666145426114151,7.422515421521587,25.23455252918288,0.2614611680971321,True,18.0,4.0,0.0140077821011673,0.0204081632653061,0.0116772823779193,203506,1610612753,2016,2015-16,True,999.0,55.0,20.0,43.0,110.0,26.0,30.0,23.0,38.0,,
96100.0,1602.0,109.0,3169.0,3171.0,835.0,656.0,300.0,6340.0,558.0,879.0,76.0,146.0,130.0,212.0,198.0,483.0,225.0,529.0,79.0,208.0,5.0,16.0,22.0,54.0,200.0,548.0,11.0,33.0,58.0,145.0,981.0,1891.0,279.0,756.0,587.0,3386.0,3277.0,107.0,210.0,16.0,49.0,71.0,333.0,224.0,471.0,80.0,199.0,210.0,898.0,1102.0,860.0,738.0,99.0,112.0,1.0,9.0,538.0,199.0,156.0,551.0,246.0,797.0,168.0,78.0,358.0,77.0,116.0,1840.0,87.0,246.0,9.0,376.0,781.0,75.0,1232.0,342.0,1574.0,33.0,246.0,163.0,83.0,293.0,55.0,186.0,214.0,28.0,107.0,27.0,507.0,32.0,126.0,281.0,601.0,2.0,40.0,33.0,805.0,63.0,16.0,341.0,21.0,58.0,159.0,4.0,2.0,117.0,2.0,6.0,36.0,163.0,96.0,6.0,1.0,8.0,3.0,3053.0,895.0,833.0,52.0,0.5616717635066258,0.5956756756756757,0.8817204301075269,0.369047619047619,0.3265306122448979,0.4020100502512563,0.3721552878179384,0.5187731359069275,0.5095238095238095,0.4755838641188959,0.5287117491499811,0.5057915057915058,0.5134328358208955,0.5621666666666667,0.5462046204620462,0.5566625155666252,0.2856063468077068,0.0824960338445267,0.1228668941979522,0.0848861283643892,0.0132325141776937,0.5779092702169625,0.8928571428571429,0.0857142857142857,0.7292250233426704,0.2739420935412027,0.7932489451476793,0.1887201735357917,0.7488673139158576,0.2450331125827814,0.320754716981132,0.2939068100358423,0.2059800664451827,0.1951951951951951,0.171875,0.6045197740112994,0.7348993288590604,0.8305489260143198,0.8089887640449438,0.7457627118644068,0.0274086378737541,95.00104058272632,0.588957055214724,15.323761438939728,14.991800693787448,14.78447459766488,14.371807000946074,0.3320740460899131,0.6348122866894198,0.7237354085603113,0.6415770609318996,0.1824707215715904,0.4099378881987577,0.4479638009049774,0.3888888888888889,0.1998488855307895,0.4253308128544423,0.4310344827586206,0.5155555555555555,0.0785795239894219,0.3798076923076923,0.3816425120772946,0.9873417721518988,0.2070268228182848,0.364963503649635,0.3656307129798903,0.84,0.5637065637065637,0.5205479452054794,0.2236842105263158,0.0617760617760617,0.3125,1.0,0.1274131274131274,0.3333333333333333,0.6363636363636364,0.3164179104477612,0.6132075471698113,0.0805970149253731,0.4074074074074074,0.2164179104477611,0.4,0.61768039289762,0.3698884758364312,0.5163917109256452,0.5289017412935322,0.5013002272727273,0.1230455472467709,0.1572153065928999,0.0271668822768434,0.0983461311281748,0.2652096869462492,7.820306716023268,25.42804232804232,0.263490059955822,False,2.0,4.0,0.0026455026455026,0.0048076923076923,0.0018248175182481,203506,1610612753,2016,2015-16,True,699.0,38.0,16.0,21.0,51.0,16.0,12.0,25.0,28.0,,
133357.0,2223.0,-175.0,4508.0,4532.0,1058.0,1024.0,468.0,9040.0,818.0,1386.0,134.0,218.0,188.0,309.0,292.0,732.0,215.0,587.0,103.0,274.0,10.0,23.0,13.0,53.0,314.0,922.0,37.0,82.0,71.0,212.0,1325.0,2705.0,417.0,1196.0,848.0,4749.0,4924.0,166.0,313.0,47.0,105.0,79.0,552.0,295.0,579.0,84.0,265.0,306.0,1148.0,1222.0,1428.0,1053.0,198.0,214.0,,14.0,908.0,314.0,228.0,611.0,351.0,962.0,255.0,96.0,400.0,102.0,109.0,2275.0,151.0,361.0,15.0,541.0,949.0,104.0,1594.0,527.0,2121.0,68.0,432.0,280.0,152.0,392.0,85.0,264.0,269.0,38.0,128.0,30.0,661.0,52.0,150.0,485.0,924.0,5.0,85.0,34.0,1130.0,104.0,12.0,483.0,25.0,95.0,250.0,3.0,2.0,192.0,1.0,7.0,51.0,253.0,145.0,11.0,1.0,4.0,12.0,4197.0,1133.0,1048.0,63.0,0.4611320754716981,0.5016420361247947,0.841726618705036,0.3486622073578595,0.4476190476190476,0.3169811320754717,0.3527918781725888,0.4898336414048059,0.5303514376996805,0.5094991364421416,0.5,0.5657894736842105,0.4988151658767772,0.5391264786169245,0.5910064239828694,0.5563106796116505,0.3065880543450397,0.0842883548983364,0.1154401154401154,0.0765027322404371,0.0204429301533219,0.5930408472012103,0.7172413793103448,0.1048951048951049,0.6754448398576512,0.2638888888888889,0.725201072386059,0.2021419009370816,0.6927010692701069,0.242080378250591,0.3150442477876106,0.26036866359447,0.1897018970189702,0.1968911917098445,0.2202380952380952,0.6113902847571189,0.6876456876456877,0.762532981530343,0.7241379310344828,0.7282051282051282,0.0360742705570291,97.6146733954723,0.5731225296442688,15.39463176574978,14.11253309796999,14.781499556344276,13.259046778464256,0.3552935144834658,0.5901875901875901,0.66721044045677,0.4889975550122249,0.1876441937964624,0.3989071038251366,0.4319526627218935,0.3493150684931507,0.150474237375032,0.3662691652470187,0.3739130434782609,0.5069767441860465,0.0702384004101512,0.3759124087591241,0.3786764705882353,0.9320388349514565,0.2363496539348885,0.3405639913232104,0.3416757344940152,0.8121019108280255,0.5215311004784688,0.6146788990825688,0.1194029850746268,0.055023923444976,0.4347826086956521,1.0,0.1961722488038277,0.4512195121951219,0.8108108108108109,0.3661137440758293,0.6084142394822006,0.0627962085308056,0.2452830188679245,0.2511848341232227,0.3349056603773584,0.6618815688285055,0.3458149779735683,0.5171564254442446,0.5153908653846151,0.5013428915662651,0.1181120669611718,0.1566147859922179,0.0205423171733771,0.1162349968414403,0.2417351021267635,6.85201478743068,25.097909698996663,0.2346938775510204,True,5.0,4.0,0.0041806020066889,0.0072992700729927,0.0032537960954446,203506,1610612760,2017,2016-17,True,956.0,42.0,17.0,68.0,71.0,48.0,21.0,30.0,40.0,,
104303.0,1738.0,113.0,3500.0,3499.0,1169.0,1252.0,380.0,6999.0,675.0,1098.0,116.0,196.0,225.0,360.0,283.0,650.0,208.0,509.0,83.0,202.0,7.0,18.0,19.0,51.0,224.0,638.0,21.0,54.0,67.0,202.0,1166.0,2257.0,307.0,840.0,677.0,3930.0,3817.0,151.0,281.0,28.0,72.0,63.0,449.0,379.0,749.0,86.0,253.0,277.0,1293.0,1082.0,1250.0,765.0,156.0,158.0,,9.0,629.0,224.0,174.0,541.0,255.0,796.0,174.0,81.0,339.0,99.0,103.0,1847.0,107.0,307.0,6.0,423.0,720.0,97.0,1240.0,420.0,1660.0,50.0,266.0,174.0,92.0,256.0,63.0,153.0,212.0,31.0,103.0,27.0,468.0,34.0,142.0,433.0,773.0,,68.0,32.0,866.0,98.0,28.0,363.0,10.0,95.0,193.0,4.0,1.0,156.0,3.0,7.0,30.0,197.0,112.0,4.0,2.0,2.0,11.0,3481.0,1283.0,1163.0,74.0,0.4639794168096054,0.4977000919963201,0.8306188925081434,0.3654761904761904,0.3888888888888889,0.3399209486166007,0.3694344163658243,0.516614975631369,0.5373665480427047,0.5060080106809078,0.5251856635453664,0.546742209631728,0.5069860279441117,0.5639249639249639,0.5674300254452926,0.5584922010398613,0.2712302227962544,0.0770934869295525,0.1111111111111111,0.0738461538461538,0.0078585461689587,0.5470085470085471,0.8362068965517241,0.0652173913043478,0.6685236768802229,0.2861136999068033,0.680064308681672,0.2114624505928853,0.6727486756915833,0.2621912602913236,0.3818615751789976,0.2837465564738292,0.1512027491408934,0.211340206185567,0.211864406779661,0.5983086680761099,0.7266666666666667,0.7203947368421053,0.6987179487179487,0.6233766233766234,0.0355366027007818,96.62770965360536,0.5685279187817259,15.456,14.348956844812804,14.814857142857145,13.548156616176051,0.3545366483693897,0.6147540983606558,0.6915983606557377,0.5022222222222222,0.2098805295447207,0.4353846153846153,0.4700996677740864,0.3498233215547703,0.1643525992896351,0.4086444007858546,0.4118811881188118,0.4951923076923077,0.0652244107200516,0.4108910891089108,0.4129353233830846,0.9759036144578314,0.2060058120762027,0.3510971786833856,0.3510971786833856,0.7767857142857143,0.5552407932011332,0.5918367346938775,0.1379310344827586,0.0509915014164305,0.3888888888888889,0.8571428571428571,0.1529745042492918,0.3888888888888889,0.9047619047619048,0.3592814371257485,0.625,0.0508982035928143,0.3725490196078431,0.2015968063872255,0.3316831683168317,0.6257668711656442,0.356120826709062,0.5136251376741168,0.5302929629629631,0.5008485412474848,0.1106824925816023,0.1439333862014274,0.0117924528301886,0.1142493638676844,0.3290076335877863,7.086708019494902,25.074404761904752,0.334,False,1.0,2.0,0.0011904761904761,0.0049504950495049,,203506,1610612760,2017,2016-17,True,754.0,46.0,12.0,51.0,75.0,33.0,12.0,26.0,32.0,,
153131.0,2552.0,-334.0,5103.0,5127.0,1193.0,1100.0,594.0,10230.0,863.0,1384.0,175.0,288.0,187.0,300.0,322.0,783.0,265.0,686.0,133.0,350.0,9.0,37.0,25.0,68.0,457.0,1317.0,48.0,133.0,118.0,329.0,1450.0,2853.0,590.0,1667.0,736.0,5406.0,5740.0,228.0,406.0,57.0,170.0,84.0,711.0,290.0,585.0,143.0,397.0,322.0,1331.0,1396.0,1504.0,1551.0,219.0,296.0,,10.0,1307.0,457.0,221.0,698.0,517.0,1215.0,389.0,128.0,450.0,115.0,133.0,2947.0,228.0,438.0,19.0,611.0,1106.0,106.0,1823.0,685.0,2508.0,97.0,382.0,236.0,146.0,523.0,95.0,323.0,366.0,49.0,200.0,55.0,889.0,60.0,186.0,471.0,1000.0,,55.0,49.0,975.0,106.0,16.0,389.0,33.0,102.0,272.0,7.0,5.0,187.0,2.0,15.0,70.0,279.0,173.0,18.0,1.0,5.0,14.0,4695.0,1295.0,1171.0,77.0,0.4813793103448275,0.5360983102918587,0.8762711864406779,0.3539292141571685,0.3352941176470588,0.3602015113350126,0.356065178032589,0.5082369435681738,0.5615763546798029,0.4957264957264957,0.5165929203539823,0.5442708333333334,0.5137474541751528,0.546735604217356,0.5644904458598726,0.5661827497865073,0.3688053097345132,0.0774623203645285,0.1040462427745664,0.0817369093231162,0.0189504373177842,0.5883014623172104,0.9636363636363636,0.1570247933884297,0.7271531886916502,0.3153347732181425,0.7803320561941252,0.21944177093359,0.7452256944444444,0.2742998352553542,0.3861003861003861,0.3478260869565217,0.1897810218978102,0.2036363636363636,0.2803738317757009,0.6328413284132841,0.748780487804878,0.8014059753954306,0.7893890675241158,0.7453416149068323,0.0440708768741481,96.199985633216,0.6200716845878136,15.332157554379776,14.607177686756389,14.669214187732706,13.9904427540472,0.3061946902654867,0.6235549132947977,0.6959677419354838,0.5214368482039398,0.1732300884955752,0.4112388250319285,0.4478442280945758,0.3571428571428571,0.1517699115044248,0.3862973760932944,0.3937592867756315,0.5018867924528302,0.077433628318584,0.38,0.3855072463768116,0.962406015037594,0.2913716814159292,0.3470007593014427,0.3483231707317073,0.8512035010940919,0.5,0.6076388888888888,0.16,0.0642361111111111,0.2432432432432432,0.7777777777777778,0.2309027777777778,0.3609022556390977,0.9166666666666666,0.3054989816700611,0.6233333333333333,0.0692464358452138,0.3676470588235294,0.335030549898167,0.3586626139817629,0.675,0.3496557000765111,0.5161401197604792,0.5614096107055961,0.503268839835729,0.0873706004140786,0.1240433673469387,0.0194805194805194,0.1315205327413984,0.2462079171291158,7.437083771468628,25.98518296340731,0.2337840485988634,True,10.0,6.0,0.005998800239952,0.0142857142857142,0.0037965072133637,203506,1610612754,2018,2017-18,True,953.0,55.0,16.0,53.0,77.0,50.0,40.0,37.0,33.0,,
83929.0,1399.0,221.0,2756.0,2731.0,629.0,600.0,295.0,5487.0,550.0,781.0,98.0,139.0,104.0,149.0,195.0,436.0,165.0,387.0,74.0,172.0,2.0,8.0,16.0,37.0,206.0,657.0,14.0,52.0,37.0,147.0,910.0,1604.0,280.0,829.0,477.0,3137.0,2916.0,124.0,202.0,16.0,60.0,51.0,347.0,189.0,335.0,53.0,184.0,173.0,710.0,916.0,904.0,696.0,144.0,142.0,1.0,11.0,645.0,205.0,109.0,458.0,232.0,690.0,162.0,70.0,300.0,76.0,82.0,1612.0,107.0,209.0,7.0,330.0,640.0,54.0,1024.0,323.0,1347.0,38.0,197.0,128.0,69.0,196.0,48.0,122.0,185.0,17.0,74.0,31.0,381.0,31.0,77.0,226.0,514.0,,40.0,37.0,626.0,74.0,13.0,268.0,13.0,60.0,141.0,8.0,8.0,92.0,,8.0,41.0,149.0,86.0,8.0,2.0,3.0,5.0,2790.0,708.0,627.0,31.0,0.5032967032967033,0.5458879618593564,0.8285714285714286,0.3377563329312424,0.2666666666666666,0.2880434782608695,0.3410757946210269,0.5673316708229427,0.6138613861386139,0.564179104477612,0.5466502260583641,0.5648854961832062,0.5173410404624278,0.5793180133432172,0.5962199312714777,0.5703883495145631,0.3407316070694616,0.0679551122194513,0.0845070422535211,0.091743119266055,0.0077519379844961,0.5144356955380578,0.9310344827586208,0.0813953488372093,0.6986899563318777,0.3055555555555556,0.7621247113163973,0.2057692307692307,0.7190511489992587,0.2624584717607973,0.4260869565217391,0.3277310924369748,0.1527777777777778,0.1957547169811321,0.25,0.6204620462046204,0.696969696969697,0.7679083094555874,0.7611940298507462,0.7653061224489796,0.0346399270738377,94.1424299109962,0.5771812080536913,14.741291727140784,15.855730501647749,14.101959361393323,15.102892713291835,0.3210028771064529,0.704225352112676,0.7692307692307693,0.5454545454545454,0.1792026304973284,0.4472477064220183,0.4924242424242424,0.3897435897435897,0.159062885326757,0.4263565891472868,0.4296875,0.4969696969696969,0.0706946157007809,0.4302325581395348,0.4302325581395348,0.945945945945946,0.2700369913686806,0.3135464231354642,0.3135464231354642,0.7864077669902912,0.5305343511450382,0.7050359712230215,0.1836734693877551,0.0305343511450381,0.25,1.0,0.1984732824427481,0.2692307692307692,1.0,0.2870905587668593,0.697986577181208,0.071290944123314,0.4324324324324324,0.2832369942196532,0.2517006802721088,0.6617344841759145,0.3178294573643411,0.5150134242048743,0.5599023437499999,0.5047811023622046,0.1065200909780136,0.1490545050055617,0.0154761904761904,0.1106152374880459,0.2263308893847625,7.479800498753116,26.21278648974669,0.2282293178519593,False,,2.0,,,,203506,1610612754,2018,2017-18,True,589.0,22.0,11.0,39.0,51.0,32.0,14.0,24.0,21.0,,
153131.0,2552.0,-334.0,5103.0,5127.0,1193.0,1100.0,594.0,10230.0,863.0,1384.0,175.0,288.0,187.0,300.0,322.0,783.0,265.0,686.0,133.0,350.0,9.0,37.0,25.0,68.0,457.0,1317.0,48.0,133.0,118.0,329.0,1450.0,2853.0,590.0,1667.0,736.0,5406.0,5740.0,228.0,406.0,57.0,170.0,84.0,711.0,290.0,585.0,143.0,397.0,322.0,1331.0,1396.0,1504.0,1551.0,219.0,296.0,,10.0,1307.0,457.0,221.0,698.0,517.0,1215.0,389.0,128.0,450.0,115.0,133.0,2947.0,228.0,438.0,19.0,611.0,1106.0,106.0,1823.0,685.0,2508.0,97.0,382.0,236.0,146.0,523.0,95.0,323.0,366.0,49.0,200.0,55.0,889.0,60.0,186.0,471.0,1000.0,,55.0,49.0,975.0,106.0,16.0,389.0,33.0,102.0,272.0,7.0,5.0,187.0,2.0,15.0,70.0,279.0,173.0,18.0,1.0,5.0,14.0,4695.0,1295.0,1171.0,77.0,0.4813793103448275,0.5360983102918587,0.8762711864406779,0.3539292141571685,0.3352941176470588,0.3602015113350126,0.356065178032589,0.5082369435681738,0.5615763546798029,0.4957264957264957,0.5165929203539823,0.5442708333333334,0.5137474541751528,0.546735604217356,0.5644904458598726,0.5661827497865073,0.3688053097345132,0.0774623203645285,0.1040462427745664,0.0817369093231162,0.0189504373177842,0.5883014623172104,0.9636363636363636,0.1570247933884297,0.7271531886916502,0.3153347732181425,0.7803320561941252,0.21944177093359,0.7452256944444444,0.2742998352553542,0.3861003861003861,0.3478260869565217,0.1897810218978102,0.2036363636363636,0.2803738317757009,0.6328413284132841,0.748780487804878,0.8014059753954306,0.7893890675241158,0.7453416149068323,0.0440708768741481,96.199985633216,0.6200716845878136,15.332157554379776,14.607177686756389,14.669214187732706,13.9904427540472,0.3061946902654867,0.6235549132947977,0.6959677419354838,0.5214368482039398,0.1732300884955752,0.4112388250319285,0.4478442280945758,0.3571428571428571,0.1517699115044248,0.3862973760932944,0.3937592867756315,0.5018867924528302,0.077433628318584,0.38,0.3855072463768116,0.962406015037594,0.2913716814159292,0.3470007593014427,0.3483231707317073,0.8512035010940919,0.5,0.6076388888888888,0.16,0.0642361111111111,0.2432432432432432,0.7777777777777778,0.2309027777777778,0.3609022556390977,0.9166666666666666,0.3054989816700611,0.6233333333333333,0.0692464358452138,0.3676470588235294,0.335030549898167,0.3586626139817629,0.675,0.3496557000765111,0.5161401197604792,0.5614096107055961,0.503268839835729,0.0873706004140786,0.1240433673469387,0.0194805194805194,0.1315205327413984,0.2462079171291158,7.437083771468628,25.98518296340731,0.2337840485988634,True,10.0,6.0,0.005998800239952,0.0142857142857142,0.0037965072133637,203506,1610612754,2018,2017-18,True,953.0,55.0,16.0,53.0,77.0,50.0,40.0,37.0,33.0,,
83929.0,1399.0,221.0,2756.0,2731.0,629.0,600.0,295.0,5487.0,550.0,781.0,98.0,139.0,104.0,149.0,195.0,436.0,165.0,387.0,74.0,172.0,2.0,8.0,16.0,37.0,206.0,657.0,14.0,52.0,37.0,147.0,910.0,1604.0,280.0,829.0,477.0,3137.0,2916.0,124.0,202.0,16.0,60.0,51.0,347.0,189.0,335.0,53.0,184.0,173.0,710.0,916.0,904.0,696.0,144.0,142.0,1.0,11.0,645.0,205.0,109.0,458.0,232.0,690.0,162.0,70.0,300.0,76.0,82.0,1612.0,107.0,209.0,7.0,330.0,640.0,54.0,1024.0,323.0,1347.0,38.0,197.0,128.0,69.0,196.0,48.0,122.0,185.0,17.0,74.0,31.0,381.0,31.0,77.0,226.0,514.0,,40.0,37.0,626.0,74.0,13.0,268.0,13.0,60.0,141.0,8.0,8.0,92.0,,8.0,41.0,149.0,86.0,8.0,2.0,3.0,5.0,2790.0,708.0,627.0,31.0,0.5032967032967033,0.5458879618593564,0.8285714285714286,0.3377563329312424,0.2666666666666666,0.2880434782608695,0.3410757946210269,0.5673316708229427,0.6138613861386139,0.564179104477612,0.5466502260583641,0.5648854961832062,0.5173410404624278,0.5793180133432172,0.5962199312714777,0.5703883495145631,0.3407316070694616,0.0679551122194513,0.0845070422535211,0.091743119266055,0.0077519379844961,0.5144356955380578,0.9310344827586208,0.0813953488372093,0.6986899563318777,0.3055555555555556,0.7621247113163973,0.2057692307692307,0.7190511489992587,0.2624584717607973,0.4260869565217391,0.3277310924369748,0.1527777777777778,0.1957547169811321,0.25,0.6204620462046204,0.696969696969697,0.7679083094555874,0.7611940298507462,0.7653061224489796,0.0346399270738377,94.1424299109962,0.5771812080536913,14.741291727140784,15.855730501647749,14.101959361393323,15.102892713291835,0.3210028771064529,0.704225352112676,0.7692307692307693,0.5454545454545454,0.1792026304973284,0.4472477064220183,0.4924242424242424,0.3897435897435897,0.159062885326757,0.4263565891472868,0.4296875,0.4969696969696969,0.0706946157007809,0.4302325581395348,0.4302325581395348,0.945945945945946,0.2700369913686806,0.3135464231354642,0.3135464231354642,0.7864077669902912,0.5305343511450382,0.7050359712230215,0.1836734693877551,0.0305343511450381,0.25,1.0,0.1984732824427481,0.2692307692307692,1.0,0.2870905587668593,0.697986577181208,0.071290944123314,0.4324324324324324,0.2832369942196532,0.2517006802721088,0.6617344841759145,0.3178294573643411,0.5150134242048743,0.5599023437499999,0.5047811023622046,0.1065200909780136,0.1490545050055617,0.0154761904761904,0.1106152374880459,0.2263308893847625,7.479800498753116,26.21278648974669,0.2282293178519593,False,,2.0,,,,203506,1610612754,2018,2017-18,True,589.0,22.0,11.0,39.0,51.0,32.0,14.0,24.0,21.0,,
153131.0,2552.0,-334.0,5103.0,5127.0,1193.0,1100.0,594.0,10230.0,863.0,1384.0,175.0,288.0,187.0,300.0,322.0,783.0,265.0,686.0,133.0,350.0,9.0,37.0,25.0,68.0,457.0,1317.0,48.0,133.0,118.0,329.0,1450.0,2853.0,590.0,1667.0,736.0,5406.0,5740.0,228.0,406.0,57.0,170.0,84.0,711.0,290.0,585.0,143.0,397.0,322.0,1331.0,1396.0,1504.0,1551.0,219.0,296.0,,10.0,1307.0,457.0,221.0,698.0,517.0,1215.0,389.0,128.0,450.0,115.0,133.0,2947.0,228.0,438.0,19.0,611.0,1106.0,106.0,1823.0,685.0,2508.0,97.0,382.0,236.0,146.0,523.0,95.0,323.0,366.0,49.0,200.0,55.0,889.0,60.0,186.0,471.0,1000.0,,55.0,49.0,975.0,106.0,16.0,389.0,33.0,102.0,272.0,7.0,5.0,187.0,2.0,15.0,70.0,279.0,173.0,18.0,1.0,5.0,14.0,4695.0,1295.0,1171.0,77.0,0.4813793103448275,0.5360983102918587,0.8762711864406779,0.3539292141571685,0.3352941176470588,0.3602015113350126,0.356065178032589,0.5082369435681738,0.5615763546798029,0.4957264957264957,0.5165929203539823,0.5442708333333334,0.5137474541751528,0.546735604217356,0.5644904458598726,0.5661827497865073,0.3688053097345132,0.0774623203645285,0.1040462427745664,0.0817369093231162,0.0189504373177842,0.5883014623172104,0.9636363636363636,0.1570247933884297,0.7271531886916502,0.3153347732181425,0.7803320561941252,0.21944177093359,0.7452256944444444,0.2742998352553542,0.3861003861003861,0.3478260869565217,0.1897810218978102,0.2036363636363636,0.2803738317757009,0.6328413284132841,0.748780487804878,0.8014059753954306,0.7893890675241158,0.7453416149068323,0.0440708768741481,96.199985633216,0.6200716845878136,15.332157554379776,14.607177686756389,14.669214187732706,13.9904427540472,0.3061946902654867,0.6235549132947977,0.6959677419354838,0.5214368482039398,0.1732300884955752,0.4112388250319285,0.4478442280945758,0.3571428571428571,0.1517699115044248,0.3862973760932944,0.3937592867756315,0.5018867924528302,0.077433628318584,0.38,0.3855072463768116,0.962406015037594,0.2913716814159292,0.3470007593014427,0.3483231707317073,0.8512035010940919,0.5,0.6076388888888888,0.16,0.0642361111111111,0.2432432432432432,0.7777777777777778,0.2309027777777778,0.3609022556390977,0.9166666666666666,0.3054989816700611,0.6233333333333333,0.0692464358452138,0.3676470588235294,0.335030549898167,0.3586626139817629,0.675,0.3496557000765111,0.5161401197604792,0.5614096107055961,0.503268839835729,0.0873706004140786,0.1240433673469387,0.0194805194805194,0.1315205327413984,0.2462079171291158,7.437083771468628,25.98518296340731,0.2337840485988634,True,10.0,6.0,0.005998800239952,0.0142857142857142,0.0037965072133637,203506,1610612754,2018,2017-18,True,953.0,55.0,16.0,53.0,77.0,50.0,40.0,37.0,33.0,,
83929.0,1399.0,221.0,2756.0,2731.0,629.0,600.0,295.0,5487.0,550.0,781.0,98.0,139.0,104.0,149.0,195.0,436.0,165.0,387.0,74.0,172.0,2.0,8.0,16.0,37.0,206.0,657.0,14.0,52.0,37.0,147.0,910.0,1604.0,280.0,829.0,477.0,3137.0,2916.0,124.0,202.0,16.0,60.0,51.0,347.0,189.0,335.0,53.0,184.0,173.0,710.0,916.0,904.0,696.0,144.0,142.0,1.0,11.0,645.0,205.0,109.0,458.0,232.0,690.0,162.0,70.0,300.0,76.0,82.0,1612.0,107.0,209.0,7.0,330.0,640.0,54.0,1024.0,323.0,1347.0,38.0,197.0,128.0,69.0,196.0,48.0,122.0,185.0,17.0,74.0,31.0,381.0,31.0,77.0,226.0,514.0,,40.0,37.0,626.0,74.0,13.0,268.0,13.0,60.0,141.0,8.0,8.0,92.0,,8.0,41.0,149.0,86.0,8.0,2.0,3.0,5.0,2790.0,708.0,627.0,31.0,0.5032967032967033,0.5458879618593564,0.8285714285714286,0.3377563329312424,0.2666666666666666,0.2880434782608695,0.3410757946210269,0.5673316708229427,0.6138613861386139,0.564179104477612,0.5466502260583641,0.5648854961832062,0.5173410404624278,0.5793180133432172,0.5962199312714777,0.5703883495145631,0.3407316070694616,0.0679551122194513,0.0845070422535211,0.091743119266055,0.0077519379844961,0.5144356955380578,0.9310344827586208,0.0813953488372093,0.6986899563318777,0.3055555555555556,0.7621247113163973,0.2057692307692307,0.7190511489992587,0.2624584717607973,0.4260869565217391,0.3277310924369748,0.1527777777777778,0.1957547169811321,0.25,0.6204620462046204,0.696969696969697,0.7679083094555874,0.7611940298507462,0.7653061224489796,0.0346399270738377,94.1424299109962,0.5771812080536913,14.741291727140784,15.855730501647749,14.101959361393323,15.102892713291835,0.3210028771064529,0.704225352112676,0.7692307692307693,0.5454545454545454,0.1792026304973284,0.4472477064220183,0.4924242424242424,0.3897435897435897,0.159062885326757,0.4263565891472868,0.4296875,0.4969696969696969,0.0706946157007809,0.4302325581395348,0.4302325581395348,0.945945945945946,0.2700369913686806,0.3135464231354642,0.3135464231354642,0.7864077669902912,0.5305343511450382,0.7050359712230215,0.1836734693877551,0.0305343511450381,0.25,1.0,0.1984732824427481,0.2692307692307692,1.0,0.2870905587668593,0.697986577181208,0.071290944123314,0.4324324324324324,0.2832369942196532,0.2517006802721088,0.6617344841759145,0.3178294573643411,0.5150134242048743,0.5599023437499999,0.5047811023622046,0.1065200909780136,0.1490545050055617,0.0154761904761904,0.1106152374880459,0.2263308893847625,7.479800498753116,26.21278648974669,0.2282293178519593,False,,2.0,,,,203506,1610612754,2018,2017-18,True,589.0,22.0,11.0,39.0,51.0,32.0,14.0,24.0,21.0,,
153131.0,2552.0,-334.0,5103.0,5127.0,1193.0,1100.0,594.0,10230.0,863.0,1384.0,175.0,288.0,187.0,300.0,322.0,783.0,265.0,686.0,133.0,350.0,9.0,37.0,25.0,68.0,457.0,1317.0,48.0,133.0,118.0,329.0,1450.0,2853.0,590.0,1667.0,736.0,5406.0,5740.0,228.0,406.0,57.0,170.0,84.0,711.0,290.0,585.0,143.0,397.0,322.0,1331.0,1396.0,1504.0,1551.0,219.0,296.0,,10.0,1307.0,457.0,221.0,698.0,517.0,1215.0,389.0,128.0,450.0,115.0,133.0,2947.0,228.0,438.0,19.0,611.0,1106.0,106.0,1823.0,685.0,2508.0,97.0,382.0,236.0,146.0,523.0,95.0,323.0,366.0,49.0,200.0,55.0,889.0,60.0,186.0,471.0,1000.0,,55.0,49.0,975.0,106.0,16.0,389.0,33.0,102.0,272.0,7.0,5.0,187.0,2.0,15.0,70.0,279.0,173.0,18.0,1.0,5.0,14.0,4695.0,1295.0,1171.0,77.0,0.4813793103448275,0.5360983102918587,0.8762711864406779,0.3539292141571685,0.3352941176470588,0.3602015113350126,0.356065178032589,0.5082369435681738,0.5615763546798029,0.4957264957264957,0.5165929203539823,0.5442708333333334,0.5137474541751528,0.546735604217356,0.5644904458598726,0.5661827497865073,0.3688053097345132,0.0774623203645285,0.1040462427745664,0.0817369093231162,0.0189504373177842,0.5883014623172104,0.9636363636363636,0.1570247933884297,0.7271531886916502,0.3153347732181425,0.7803320561941252,0.21944177093359,0.7452256944444444,0.2742998352553542,0.3861003861003861,0.3478260869565217,0.1897810218978102,0.2036363636363636,0.2803738317757009,0.6328413284132841,0.748780487804878,0.8014059753954306,0.7893890675241158,0.7453416149068323,0.0440708768741481,96.199985633216,0.6200716845878136,15.332157554379776,14.607177686756389,14.669214187732706,13.9904427540472,0.3061946902654867,0.6235549132947977,0.6959677419354838,0.5214368482039398,0.1732300884955752,0.4112388250319285,0.4478442280945758,0.3571428571428571,0.1517699115044248,0.3862973760932944,0.3937592867756315,0.5018867924528302,0.077433628318584,0.38,0.3855072463768116,0.962406015037594,0.2913716814159292,0.3470007593014427,0.3483231707317073,0.8512035010940919,0.5,0.6076388888888888,0.16,0.0642361111111111,0.2432432432432432,0.7777777777777778,0.2309027777777778,0.3609022556390977,0.9166666666666666,0.3054989816700611,0.6233333333333333,0.0692464358452138,0.3676470588235294,0.335030549898167,0.3586626139817629,0.675,0.3496557000765111,0.5161401197604792,0.5614096107055961,0.503268839835729,0.0873706004140786,0.1240433673469387,0.0194805194805194,0.1315205327413984,0.2462079171291158,7.437083771468628,25.98518296340731,0.2337840485988634,True,10.0,6.0,0.005998800239952,0.0142857142857142,0.0037965072133637,203506,1610612754,2018,2017-18,True,953.0,55.0,16.0,53.0,77.0,50.0,40.0,37.0,33.0,,
83929.0,1399.0,221.0,2756.0,2731.0,629.0,600.0,295.0,5487.0,550.0,781.0,98.0,139.0,104.0,149.0,195.0,436.0,165.0,387.0,74.0,172.0,2.0,8.0,16.0,37.0,206.0,657.0,14.0,52.0,37.0,147.0,910.0,1604.0,280.0,829.0,477.0,3137.0,2916.0,124.0,202.0,16.0,60.0,51.0,347.0,189.0,335.0,53.0,184.0,173.0,710.0,916.0,904.0,696.0,144.0,142.0,1.0,11.0,645.0,205.0,109.0,458.0,232.0,690.0,162.0,70.0,300.0,76.0,82.0,1612.0,107.0,209.0,7.0,330.0,640.0,54.0,1024.0,323.0,1347.0,38.0,197.0,128.0,69.0,196.0,48.0,122.0,185.0,17.0,74.0,31.0,381.0,31.0,77.0,226.0,514.0,,40.0,37.0,626.0,74.0,13.0,268.0,13.0,60.0,141.0,8.0,8.0,92.0,,8.0,41.0,149.0,86.0,8.0,2.0,3.0,5.0,2790.0,708.0,627.0,31.0,0.5032967032967033,0.5458879618593564,0.8285714285714286,0.3377563329312424,0.2666666666666666,0.2880434782608695,0.3410757946210269,0.5673316708229427,0.6138613861386139,0.564179104477612,0.5466502260583641,0.5648854961832062,0.5173410404624278,0.5793180133432172,0.5962199312714777,0.5703883495145631,0.3407316070694616,0.0679551122194513,0.0845070422535211,0.091743119266055,0.0077519379844961,0.5144356955380578,0.9310344827586208,0.0813953488372093,0.6986899563318777,0.3055555555555556,0.7621247113163973,0.2057692307692307,0.7190511489992587,0.2624584717607973,0.4260869565217391,0.3277310924369748,0.1527777777777778,0.1957547169811321,0.25,0.6204620462046204,0.696969696969697,0.7679083094555874,0.7611940298507462,0.7653061224489796,0.0346399270738377,94.1424299109962,0.5771812080536913,14.741291727140784,15.855730501647749,14.101959361393323,15.102892713291835,0.3210028771064529,0.704225352112676,0.7692307692307693,0.5454545454545454,0.1792026304973284,0.4472477064220183,0.4924242424242424,0.3897435897435897,0.159062885326757,0.4263565891472868,0.4296875,0.4969696969696969,0.0706946157007809,0.4302325581395348,0.4302325581395348,0.945945945945946,0.2700369913686806,0.3135464231354642,0.3135464231354642,0.7864077669902912,0.5305343511450382,0.7050359712230215,0.1836734693877551,0.0305343511450381,0.25,1.0,0.1984732824427481,0.2692307692307692,1.0,0.2870905587668593,0.697986577181208,0.071290944123314,0.4324324324324324,0.2832369942196532,0.2517006802721088,0.6617344841759145,0.3178294573643411,0.5150134242048743,0.5599023437499999,0.5047811023622046,0.1065200909780136,0.1490545050055617,0.0154761904761904,0.1106152374880459,0.2263308893847625,7.479800498753116,26.21278648974669,0.2282293178519593,False,,2.0,,,,203506,1610612754,2018,2017-18,True,589.0,22.0,11.0,39.0,51.0,32.0,14.0,24.0,21.0,,
153131.0,2552.0,-334.0,5103.0,5127.0,1193.0,1100.0,594.0,10230.0,863.0,1384.0,175.0,288.0,187.0,300.0,322.0,783.0,265.0,686.0,133.0,350.0,9.0,37.0,25.0,68.0,457.0,1317.0,48.0,133.0,118.0,329.0,1450.0,2853.0,590.0,1667.0,736.0,5406.0,5740.0,228.0,406.0,57.0,170.0,84.0,711.0,290.0,585.0,143.0,397.0,322.0,1331.0,1396.0,1504.0,1551.0,219.0,296.0,,10.0,1307.0,457.0,221.0,698.0,517.0,1215.0,389.0,128.0,450.0,115.0,133.0,2947.0,228.0,438.0,19.0,611.0,1106.0,106.0,1823.0,685.0,2508.0,97.0,382.0,236.0,146.0,523.0,95.0,323.0,366.0,49.0,200.0,55.0,889.0,60.0,186.0,471.0,1000.0,,55.0,49.0,975.0,106.0,16.0,389.0,33.0,102.0,272.0,7.0,5.0,187.0,2.0,15.0,70.0,279.0,173.0,18.0,1.0,5.0,14.0,4695.0,1295.0,1171.0,77.0,0.4813793103448275,0.5360983102918587,0.8762711864406779,0.3539292141571685,0.3352941176470588,0.3602015113350126,0.356065178032589,0.5082369435681738,0.5615763546798029,0.4957264957264957,0.5165929203539823,0.5442708333333334,0.5137474541751528,0.546735604217356,0.5644904458598726,0.5661827497865073,0.3688053097345132,0.0774623203645285,0.1040462427745664,0.0817369093231162,0.0189504373177842,0.5883014623172104,0.9636363636363636,0.1570247933884297,0.7271531886916502,0.3153347732181425,0.7803320561941252,0.21944177093359,0.7452256944444444,0.2742998352553542,0.3861003861003861,0.3478260869565217,0.1897810218978102,0.2036363636363636,0.2803738317757009,0.6328413284132841,0.748780487804878,0.8014059753954306,0.7893890675241158,0.7453416149068323,0.0440708768741481,96.199985633216,0.6200716845878136,15.332157554379776,14.607177686756389,14.669214187732706,13.9904427540472,0.3061946902654867,0.6235549132947977,0.6959677419354838,0.5214368482039398,0.1732300884955752,0.4112388250319285,0.4478442280945758,0.3571428571428571,0.1517699115044248,0.3862973760932944,0.3937592867756315,0.5018867924528302,0.077433628318584,0.38,0.3855072463768116,0.962406015037594,0.2913716814159292,0.3470007593014427,0.3483231707317073,0.8512035010940919,0.5,0.6076388888888888,0.16,0.0642361111111111,0.2432432432432432,0.7777777777777778,0.2309027777777778,0.3609022556390977,0.9166666666666666,0.3054989816700611,0.6233333333333333,0.0692464358452138,0.3676470588235294,0.335030549898167,0.3586626139817629,0.675,0.3496557000765111,0.5161401197604792,0.5614096107055961,0.503268839835729,0.0873706004140786,0.1240433673469387,0.0194805194805194,0.1315205327413984,0.2462079171291158,7.437083771468628,25.98518296340731,0.2337840485988634,True,10.0,6.0,0.005998800239952,0.0142857142857142,0.0037965072133637,203506,1610612754,2018,2017-18,True,953.0,55.0,16.0,53.0,77.0,50.0,40.0,37.0,33.0,,
83929.0,1399.0,221.0,2756.0,2731.0,629.0,600.0,295.0,5487.0,550.0,781.0,98.0,139.0,104.0,149.0,195.0,436.0,165.0,387.0,74.0,172.0,2.0,8.0,16.0,37.0,206.0,657.0,14.0,52.0,37.0,147.0,910.0,1604.0,280.0,829.0,477.0,3137.0,2916.0,124.0,202.0,16.0,60.0,51.0,347.0,189.0,335.0,53.0,184.0,173.0,710.0,916.0,904.0,696.0,144.0,142.0,1.0,11.0,645.0,205.0,109.0,458.0,232.0,690.0,162.0,70.0,300.0,76.0,82.0,1612.0,107.0,209.0,7.0,330.0,640.0,54.0,1024.0,323.0,1347.0,38.0,197.0,128.0,69.0,196.0,48.0,122.0,185.0,17.0,74.0,31.0,381.0,31.0,77.0,226.0,514.0,,40.0,37.0,626.0,74.0,13.0,268.0,13.0,60.0,141.0,8.0,8.0,92.0,,8.0,41.0,149.0,86.0,8.0,2.0,3.0,5.0,2790.0,708.0,627.0,31.0,0.5032967032967033,0.5458879618593564,0.8285714285714286,0.3377563329312424,0.2666666666666666,0.2880434782608695,0.3410757946210269,0.5673316708229427,0.6138613861386139,0.564179104477612,0.5466502260583641,0.5648854961832062,0.5173410404624278,0.5793180133432172,0.5962199312714777,0.5703883495145631,0.3407316070694616,0.0679551122194513,0.0845070422535211,0.091743119266055,0.0077519379844961,0.5144356955380578,0.9310344827586208,0.0813953488372093,0.6986899563318777,0.3055555555555556,0.7621247113163973,0.2057692307692307,0.7190511489992587,0.2624584717607973,0.4260869565217391,0.3277310924369748,0.1527777777777778,0.1957547169811321,0.25,0.6204620462046204,0.696969696969697,0.7679083094555874,0.7611940298507462,0.7653061224489796,0.0346399270738377,94.1424299109962,0.5771812080536913,14.741291727140784,15.855730501647749,14.101959361393323,15.102892713291835,0.3210028771064529,0.704225352112676,0.7692307692307693,0.5454545454545454,0.1792026304973284,0.4472477064220183,0.4924242424242424,0.3897435897435897,0.159062885326757,0.4263565891472868,0.4296875,0.4969696969696969,0.0706946157007809,0.4302325581395348,0.4302325581395348,0.945945945945946,0.2700369913686806,0.3135464231354642,0.3135464231354642,0.7864077669902912,0.5305343511450382,0.7050359712230215,0.1836734693877551,0.0305343511450381,0.25,1.0,0.1984732824427481,0.2692307692307692,1.0,0.2870905587668593,0.697986577181208,0.071290944123314,0.4324324324324324,0.2832369942196532,0.2517006802721088,0.6617344841759145,0.3178294573643411,0.5150134242048743,0.5599023437499999,0.5047811023622046,0.1065200909780136,0.1490545050055617,0.0154761904761904,0.1106152374880459,0.2263308893847625,7.479800498753116,26.21278648974669,0.2282293178519593,False,,2.0,,,,203506,1610612754,2018,2017-18,True,589.0,22.0,11.0,39.0,51.0,32.0,14.0,24.0,21.0,,
153131.0,2552.0,-334.0,5103.0,5127.0,1193.0,1100.0,594.0,10230.0,863.0,1384.0,175.0,288.0,187.0,300.0,322.0,783.0,265.0,686.0,133.0,350.0,9.0,37.0,25.0,68.0,457.0,1317.0,48.0,133.0,118.0,329.0,1450.0,2853.0,590.0,1667.0,736.0,5406.0,5740.0,228.0,406.0,57.0,170.0,84.0,711.0,290.0,585.0,143.0,397.0,322.0,1331.0,1396.0,1504.0,1551.0,219.0,296.0,,10.0,1307.0,457.0,221.0,698.0,517.0,1215.0,389.0,128.0,450.0,115.0,133.0,2947.0,228.0,438.0,19.0,611.0,1106.0,106.0,1823.0,685.0,2508.0,97.0,382.0,236.0,146.0,523.0,95.0,323.0,366.0,49.0,200.0,55.0,889.0,60.0,186.0,471.0,1000.0,,55.0,49.0,975.0,106.0,16.0,389.0,33.0,102.0,272.0,7.0,5.0,187.0,2.0,15.0,70.0,279.0,173.0,18.0,1.0,5.0,14.0,4695.0,1295.0,1171.0,77.0,0.4813793103448275,0.5360983102918587,0.8762711864406779,0.3539292141571685,0.3352941176470588,0.3602015113350126,0.356065178032589,0.5082369435681738,0.5615763546798029,0.4957264957264957,0.5165929203539823,0.5442708333333334,0.5137474541751528,0.546735604217356,0.5644904458598726,0.5661827497865073,0.3688053097345132,0.0774623203645285,0.1040462427745664,0.0817369093231162,0.0189504373177842,0.5883014623172104,0.9636363636363636,0.1570247933884297,0.7271531886916502,0.3153347732181425,0.7803320561941252,0.21944177093359,0.7452256944444444,0.2742998352553542,0.3861003861003861,0.3478260869565217,0.1897810218978102,0.2036363636363636,0.2803738317757009,0.6328413284132841,0.748780487804878,0.8014059753954306,0.7893890675241158,0.7453416149068323,0.0440708768741481,96.199985633216,0.6200716845878136,15.332157554379776,14.607177686756389,14.669214187732706,13.9904427540472,0.3061946902654867,0.6235549132947977,0.6959677419354838,0.5214368482039398,0.1732300884955752,0.4112388250319285,0.4478442280945758,0.3571428571428571,0.1517699115044248,0.3862973760932944,0.3937592867756315,0.5018867924528302,0.077433628318584,0.38,0.3855072463768116,0.962406015037594,0.2913716814159292,0.3470007593014427,0.3483231707317073,0.8512035010940919,0.5,0.6076388888888888,0.16,0.0642361111111111,0.2432432432432432,0.7777777777777778,0.2309027777777778,0.3609022556390977,0.9166666666666666,0.3054989816700611,0.6233333333333333,0.0692464358452138,0.3676470588235294,0.335030549898167,0.3586626139817629,0.675,0.3496557000765111,0.5161401197604792,0.5614096107055961,0.503268839835729,0.0873706004140786,0.1240433673469387,0.0194805194805194,0.1315205327413984,0.2462079171291158,7.437083771468628,25.98518296340731,0.2337840485988634,True,10.0,6.0,0.005998800239952,0.0142857142857142,0.0037965072133637,203506,1610612754,2018,2017-18,True,953.0,55.0,16.0,53.0,77.0,50.0,40.0,37.0,33.0,,
83929.0,1399.0,221.0,2756.0,2731.0,629.0,600.0,295.0,5487.0,550.0,781.0,98.0,139.0,104.0,149.0,195.0,436.0,165.0,387.0,74.0,172.0,2.0,8.0,16.0,37.0,206.0,657.0,14.0,52.0,37.0,147.0,910.0,1604.0,280.0,829.0,477.0,3137.0,2916.0,124.0,202.0,16.0,60.0,51.0,347.0,189.0,335.0,53.0,184.0,173.0,710.0,916.0,904.0,696.0,144.0,142.0,1.0,11.0,645.0,205.0,109.0,458.0,232.0,690.0,162.0,70.0,300.0,76.0,82.0,1612.0,107.0,209.0,7.0,330.0,640.0,54.0,1024.0,323.0,1347.0,38.0,197.0,128.0,69.0,196.0,48.0,122.0,185.0,17.0,74.0,31.0,381.0,31.0,77.0,226.0,514.0,,40.0,37.0,626.0,74.0,13.0,268.0,13.0,60.0,141.0,8.0,8.0,92.0,,8.0,41.0,149.0,86.0,8.0,2.0,3.0,5.0,2790.0,708.0,627.0,31.0,0.5032967032967033,0.5458879618593564,0.8285714285714286,0.3377563329312424,0.2666666666666666,0.2880434782608695,0.3410757946210269,0.5673316708229427,0.6138613861386139,0.564179104477612,0.5466502260583641,0.5648854961832062,0.5173410404624278,0.5793180133432172,0.5962199312714777,0.5703883495145631,0.3407316070694616,0.0679551122194513,0.0845070422535211,0.091743119266055,0.0077519379844961,0.5144356955380578,0.9310344827586208,0.0813953488372093,0.6986899563318777,0.3055555555555556,0.7621247113163973,0.2057692307692307,0.7190511489992587,0.2624584717607973,0.4260869565217391,0.3277310924369748,0.1527777777777778,0.1957547169811321,0.25,0.6204620462046204,0.696969696969697,0.7679083094555874,0.7611940298507462,0.7653061224489796,0.0346399270738377,94.1424299109962,0.5771812080536913,14.741291727140784,15.855730501647749,14.101959361393323,15.102892713291835,0.3210028771064529,0.704225352112676,0.7692307692307693,0.5454545454545454,0.1792026304973284,0.4472477064220183,0.4924242424242424,0.3897435897435897,0.159062885326757,0.4263565891472868,0.4296875,0.4969696969696969,0.0706946157007809,0.4302325581395348,0.4302325581395348,0.945945945945946,0.2700369913686806,0.3135464231354642,0.3135464231354642,0.7864077669902912,0.5305343511450382,0.7050359712230215,0.1836734693877551,0.0305343511450381,0.25,1.0,0.1984732824427481,0.2692307692307692,1.0,0.2870905587668593,0.697986577181208,0.071290944123314,0.4324324324324324,0.2832369942196532,0.2517006802721088,0.6617344841759145,0.3178294573643411,0.5150134242048743,0.5599023437499999,0.5047811023622046,0.1065200909780136,0.1490545050055617,0.0154761904761904,0.1106152374880459,0.2263308893847625,7.479800498753116,26.21278648974669,0.2282293178519593,False,,2.0,,,,203506,1610612754,2018,2017-18,True,589.0,22.0,11.0,39.0,51.0,32.0,14.0,24.0,21.0,,
153131.0,2552.0,-334.0,5103.0,5127.0,1193.0,1100.0,594.0,10230.0,863.0,1384.0,175.0,288.0,187.0,300.0,322.0,783.0,265.0,686.0,133.0,350.0,9.0,37.0,25.0,68.0,457.0,1317.0,48.0,133.0,118.0,329.0,1450.0,2853.0,590.0,1667.0,736.0,5406.0,5740.0,228.0,406.0,57.0,170.0,84.0,711.0,290.0,585.0,143.0,397.0,322.0,1331.0,1396.0,1504.0,1551.0,219.0,296.0,,10.0,1307.0,457.0,221.0,698.0,517.0,1215.0,389.0,128.0,450.0,115.0,133.0,2947.0,228.0,438.0,19.0,611.0,1106.0,106.0,1823.0,685.0,2508.0,97.0,382.0,236.0,146.0,523.0,95.0,323.0,366.0,49.0,200.0,55.0,889.0,60.0,186.0,471.0,1000.0,,55.0,49.0,975.0,106.0,16.0,389.0,33.0,102.0,272.0,7.0,5.0,187.0,2.0,15.0,70.0,279.0,173.0,18.0,1.0,5.0,14.0,4695.0,1295.0,1171.0,77.0,0.4813793103448275,0.5360983102918587,0.8762711864406779,0.3539292141571685,0.3352941176470588,0.3602015113350126,0.356065178032589,0.5082369435681738,0.5615763546798029,0.4957264957264957,0.5165929203539823,0.5442708333333334,0.5137474541751528,0.546735604217356,0.5644904458598726,0.5661827497865073,0.3688053097345132,0.0774623203645285,0.1040462427745664,0.0817369093231162,0.0189504373177842,0.5883014623172104,0.9636363636363636,0.1570247933884297,0.7271531886916502,0.3153347732181425,0.7803320561941252,0.21944177093359,0.7452256944444444,0.2742998352553542,0.3861003861003861,0.3478260869565217,0.1897810218978102,0.2036363636363636,0.2803738317757009,0.6328413284132841,0.748780487804878,0.8014059753954306,0.7893890675241158,0.7453416149068323,0.0440708768741481,96.199985633216,0.6200716845878136,15.332157554379776,14.607177686756389,14.669214187732706,13.9904427540472,0.3061946902654867,0.6235549132947977,0.6959677419354838,0.5214368482039398,0.1732300884955752,0.4112388250319285,0.4478442280945758,0.3571428571428571,0.1517699115044248,0.3862973760932944,0.3937592867756315,0.5018867924528302,0.077433628318584,0.38,0.3855072463768116,0.962406015037594,0.2913716814159292,0.3470007593014427,0.3483231707317073,0.8512035010940919,0.5,0.6076388888888888,0.16,0.0642361111111111,0.2432432432432432,0.7777777777777778,0.2309027777777778,0.3609022556390977,0.9166666666666666,0.3054989816700611,0.6233333333333333,0.0692464358452138,0.3676470588235294,0.335030549898167,0.3586626139817629,0.675,0.3496557000765111,0.5161401197604792,0.5614096107055961,0.503268839835729,0.0873706004140786,0.1240433673469387,0.0194805194805194,0.1315205327413984,0.2462079171291158,7.437083771468628,25.98518296340731,0.2337840485988634,True,10.0,6.0,0.005998800239952,0.0142857142857142,0.0037965072133637,203506,1610612754,2018,2017-18,True,953.0,55.0,16.0,53.0,77.0,50.0,40.0,37.0,33.0,,
83929.0,1399.0,221.0,2756.0,2731.0,629.0,600.0,295.0,5487.0,550.0,781.0,98.0,139.0,104.0,149.0,195.0,436.0,165.0,387.0,74.0,172.0,2.0,8.0,16.0,37.0,206.0,657.0,14.0,52.0,37.0,147.0,910.0,1604.0,280.0,829.0,477.0,3137.0,2916.0,124.0,202.0,16.0,60.0,51.0,347.0,189.0,335.0,53.0,184.0,173.0,710.0,916.0,904.0,696.0,144.0,142.0,1.0,11.0,645.0,205.0,109.0,458.0,232.0,690.0,162.0,70.0,300.0,76.0,82.0,1612.0,107.0,209.0,7.0,330.0,640.0,54.0,1024.0,323.0,1347.0,38.0,197.0,128.0,69.0,196.0,48.0,122.0,185.0,17.0,74.0,31.0,381.0,31.0,77.0,226.0,514.0,,40.0,37.0,626.0,74.0,13.0,268.0,13.0,60.0,141.0,8.0,8.0,92.0,,8.0,41.0,149.0,86.0,8.0,2.0,3.0,5.0,2790.0,708.0,627.0,31.0,0.5032967032967033,0.5458879618593564,0.8285714285714286,0.3377563329312424,0.2666666666666666,0.2880434782608695,0.3410757946210269,0.5673316708229427,0.6138613861386139,0.564179104477612,0.5466502260583641,0.5648854961832062,0.5173410404624278,0.5793180133432172,0.5962199312714777,0.5703883495145631,0.3407316070694616,0.0679551122194513,0.0845070422535211,0.091743119266055,0.0077519379844961,0.5144356955380578,0.9310344827586208,0.0813953488372093,0.6986899563318777,0.3055555555555556,0.7621247113163973,0.2057692307692307,0.7190511489992587,0.2624584717607973,0.4260869565217391,0.3277310924369748,0.1527777777777778,0.1957547169811321,0.25,0.6204620462046204,0.696969696969697,0.7679083094555874,0.7611940298507462,0.7653061224489796,0.0346399270738377,94.1424299109962,0.5771812080536913,14.741291727140784,15.855730501647749,14.101959361393323,15.102892713291835,0.3210028771064529,0.704225352112676,0.7692307692307693,0.5454545454545454,0.1792026304973284,0.4472477064220183,0.4924242424242424,0.3897435897435897,0.159062885326757,0.4263565891472868,0.4296875,0.4969696969696969,0.0706946157007809,0.4302325581395348,0.4302325581395348,0.945945945945946,0.2700369913686806,0.3135464231354642,0.3135464231354642,0.7864077669902912,0.5305343511450382,0.7050359712230215,0.1836734693877551,0.0305343511450381,0.25,1.0,0.1984732824427481,0.2692307692307692,1.0,0.2870905587668593,0.697986577181208,0.071290944123314,0.4324324324324324,0.2832369942196532,0.2517006802721088,0.6617344841759145,0.3178294573643411,0.5150134242048743,0.5599023437499999,0.5047811023622046,0.1065200909780136,0.1490545050055617,0.0154761904761904,0.1106152374880459,0.2263308893847625,7.479800498753116,26.212786489746694,0.2282293178519593,False,,2.0,,,,203506,1610612754,2018,2017-18,True,589.0,22.0,11.0,39.0,51.0,32.0,14.0,24.0,21.0,,
68802.0,1147.0,-127.0,2307.0,2309.0,508.0,555.0,270.0,4616.0,392.0,627.0,78.0,128.0,88.0,136.0,114.0,354.0,82.0,219.0,73.0,182.0,7.0,21.0,8.0,32.0,235.0,644.0,16.0,55.0,59.0,143.0,588.0,1200.0,308.0,826.0,356.0,2456.0,2583.0,98.0,188.0,23.0,76.0,33.0,298.0,120.0,249.0,67.0,175.0,131.0,572.0,612.0,564.0,792.0,132.0,128.0,,5.0,639.0,235.0,121.0,306.0,264.0,570.0,195.0,69.0,222.0,47.0,37.0,1404.0,101.0,203.0,7.0,275.0,512.0,58.0,845.0,311.0,1156.0,36.0,166.0,119.0,47.0,226.0,45.0,148.0,181.0,19.0,78.0,32.0,407.0,30.0,70.0,199.0,472.0,1.0,41.0,24.0,451.0,39.0,13.0,176.0,13.0,50.0,136.0,3.0,2.0,80.0,1.0,12.0,44.0,139.0,82.0,5.0,1.0,8.0,3.0,2158.0,569.0,506.0,48.0,0.5204081632653061,0.583969465648855,0.8571428571428571,0.3728813559322034,0.3026315789473684,0.3828571428571428,0.3751522533495737,0.49,0.5212765957446809,0.4819277108433735,0.5182625863770978,0.5018939393939394,0.5200471698113207,0.5506528590724898,0.5228070175438596,0.571285140562249,0.4076999012833169,0.1008333333333333,0.1084529505582137,0.1412429378531073,0.0136986301369863,0.5552825552825553,0.9666666666666668,0.1590909090909091,0.7140864714086471,0.3360927152317881,0.7879656160458453,0.1992110453648915,0.7382739212007504,0.2736273627362736,0.3931623931623931,0.3628691983122363,0.18796992481203,0.1975,0.205607476635514,0.5893536121673004,0.7464114832535885,0.8204081632653061,0.7940074906367042,0.7682926829268293,0.0364741641337386,96.61114502485393,0.5899280575539568,15.162982228001734,14.647466435686445,14.489380147377547,14.06756171502815,0.3094768015794669,0.6251993620414673,0.7012522361359571,0.5663265306122449,0.1747285291214215,0.3220338983050847,0.375,0.4122807017543859,0.1080947680157946,0.3744292237442922,0.3796296296296296,0.4512195121951219,0.0898321816386969,0.4010989010989011,0.4010989010989011,0.9452054794520548,0.3178677196446199,0.3649068322981366,0.3666146645865835,0.8297872340425532,0.4848484848484848,0.609375,0.1282051282051282,0.0795454545454545,0.3333333333333333,1.0,0.2083333333333333,0.2909090909090909,0.875,0.320754716981132,0.6470588235294118,0.0754716981132075,0.25,0.3372641509433962,0.4125874125874126,0.7171767028627838,0.3677621283255086,0.5241877288471055,0.5325798469387755,0.5186691211401425,0.0870566559189313,0.131637995512341,0.0155875299760191,0.1213355048859934,0.2328990228013029,6.530083333333336,26.080387409200963,0.2201993931512787,True,3.0,5.0,0.0036319612590799,,0.0046583850931677,203506,1610612754,2019,2018-19,True,414.0,20.0,7.0,23.0,42.0,,25.0,9.0,,,
167658.0,2794.0,-146.0,5703.0,5695.0,1471.0,1465.0,654.0,11398.0,1073.0,1733.0,190.0,333.0,254.0,427.0,342.0,889.0,242.0,604.0,145.0,407.0,18.0,38.0,33.0,109.0,479.0,1400.0,45.0,106.0,107.0,369.0,1657.0,3226.0,624.0,1807.0,942.0,6128.0,6274.0,244.0,449.0,63.0,144.0,122.0,799.0,395.0,786.0,140.0,478.0,360.0,1570.0,1768.0,1546.0,1656.0,216.0,284.0,,12.0,1388.0,479.0,274.0,884.0,552.0,1436.0,414.0,138.0,606.0,154.0,124.0,3424.0,236.0,492.0,14.0,715.0,1196.0,141.0,2052.0,742.0,2794.0,110.0,442.0,298.0,144.0,487.0,81.0,315.0,389.0,48.0,172.0,64.0,876.0,76.0,205.0,525.0,1170.0,,88.0,71.0,1267.0,137.0,23.0,521.0,30.0,134.0,276.0,10.0,6.0,188.0,4.0,9.0,79.0,286.0,152.0,24.0,5.0,8.0,11.0,5329.0,1552.0,1461.0,100.0,0.5334942667471334,0.5834983498349835,0.8846153846153846,0.3453237410071942,0.4375,0.2928870292887029,0.3476323119777159,0.513639181649101,0.5434298440979956,0.5025445292620865,0.5151996820981521,0.5708263069139966,0.4786392405063291,0.5483581553920689,0.6,0.5279838165879973,0.3590303993641963,0.0849349039057656,0.1102135025966532,0.0821147356580427,0.0165562913907284,0.5559360730593608,0.8924050632911392,0.0853658536585365,0.704773129051267,0.3176242737249838,0.7953281423804227,0.2073813708260105,0.7361325115562404,0.2709341272794938,0.3881278538812785,0.33271719038817,0.1623931623931624,0.1943181818181818,0.251937984496124,0.5948795180722891,0.7173489278752436,0.8326923076923077,0.8043165467625899,0.7647058823529411,0.045662100456621,97.89643202233115,0.5314685314685315,14.671050324390672,14.747848990342405,14.16184464317026,14.191922739244951,0.3443274389032386,0.6191575302942873,0.6958495460440985,0.5647716682199441,0.1766342141863699,0.3847019122609674,0.4191176470588235,0.4502923976608187,0.1200079475461951,0.4006622516556291,0.4074074074074074,0.512396694214876,0.0808662825352672,0.3562653562653562,0.3598014888337469,0.9517241379310344,0.278164116828929,0.3421428571428571,0.3426323319027182,0.8643006263048016,0.5615514333895447,0.5705705705705706,0.1578947368421052,0.0640809443507588,0.4736842105263157,0.8333333333333334,0.178752107925801,0.4245283018867924,0.8888888888888888,0.3378164556962025,0.594847775175644,0.0862341772151898,0.3027522935779816,0.2919303797468354,0.2899728997289973,0.7033578382674349,0.3451008645533141,0.5223006781013162,0.5400935747663552,0.5147387419871793,0.1013053870196727,0.1443213296398892,0.0164024056861673,0.1303851174934726,0.256201044386423,6.518133911965287,26.11405644714996,0.2579344204804489,False,6.0,8.0,0.0033204205866076,0.0098280098280098,0.0014285714285714,203506,1610612754,2019,2018-19,True,1180.0,78.0,23.0,78.0,113.0,,31.0,34.0,,,
31689.0,528.0,5.0,1099.0,1096.0,305.0,258.0,131.0,2195.0,185.0,307.0,33.0,66.0,42.0,78.0,74.0,166.0,36.0,100.0,33.0,93.0,4.0,10.0,10.0,27.0,101.0,313.0,5.0,23.0,28.0,86.0,295.0,573.0,134.0,406.0,189.0,1181.0,1176.0,41.0,92.0,9.0,33.0,23.0,132.0,69.0,140.0,38.0,113.0,83.0,335.0,268.0,322.0,324.0,78.0,52.0,,3.0,310.0,101.0,54.0,134.0,108.0,242.0,77.0,31.0,96.0,24.0,14.0,592.0,64.0,85.0,3.0,166.0,214.0,20.0,400.0,152.0,552.0,20.0,96.0,60.0,36.0,91.0,15.0,63.0,76.0,10.0,28.0,10.0,167.0,15.0,38.0,94.0,208.0,,11.0,22.0,234.0,18.0,2.0,91.0,6.0,25.0,49.0,,,40.0,,1.0,8.0,49.0,25.0,2.0,,,4.0,1049.0,329.0,302.0,15.0,0.4542372881355932,0.4981412639405204,0.8059701492537313,0.3300492610837438,0.2727272727272727,0.336283185840708,0.3325062034739454,0.5148342059336823,0.4456521739130434,0.4928571428571429,0.5066394279877426,0.436,0.4980237154150198,0.5443213296398892,0.4817518248175182,0.5583333333333333,0.4147088866189989,0.094240837696335,0.1302931596091205,0.0783132530120482,0.01,0.5449101796407185,0.9523809523809524,0.1428571428571428,0.7508771929824561,0.3102189781021898,0.8058252427184466,0.2433460076045627,0.7739307535641547,0.2774674115456238,0.3442622950819672,0.3186813186813186,0.2295081967213114,0.2450980392156862,0.2372881355932203,0.639344262295082,0.8148148148148148,0.8536585365853658,0.8220858895705522,0.7441860465116279,0.0415800415800415,99.74439079806874,0.5102040816326531,14.389444949954504,14.48448905109489,13.70336669699727,14.014598540145986,0.313585291113381,0.6026058631921825,0.6928838951310862,0.518918918918919,0.1695607763023493,0.4457831325301205,0.4836601307189542,0.3243243243243243,0.1021450459652706,0.36,0.3636363636363636,0.3888888888888889,0.0949948927477017,0.3548387096774194,0.3548387096774194,0.9393939393939394,0.3197139938712972,0.3226837060702875,0.3247588424437299,0.7623762376237624,0.528,0.5,0.1818181818181818,0.08,0.4,0.5,0.184,0.217391304347826,0.6,0.308300395256917,0.5384615384615384,0.1067193675889328,0.3703703703703703,0.3399209486166007,0.3255813953488372,0.72829417773238,0.3258064516129032,0.5252165983606558,0.5529291666666668,0.5128645999999999,0.0916824196597353,0.1408668730650154,0.0145631067961165,0.1117696867061812,0.283657917019475,6.382722513089004,26.025123152709376,0.2775250227479527,True,2.0,,0.0049261083743842,,0.0063897763578274,203506,1610612754,2020,2019-20,True,217.0,10.0,2.0,16.0,22.0,,12.0,10.0,,,
179751.0,2996.0,-148.0,6137.0,6129.0,1486.0,1218.0,698.0,12266.0,1115.0,1834.0,225.0,364.0,261.0,417.0,427.0,1046.0,209.0,551.0,157.0,445.0,18.0,53.0,35.0,99.0,546.0,1604.0,42.0,140.0,111.0,411.0,1751.0,3431.0,703.0,2049.0,1054.0,6665.0,6813.0,271.0,485.0,60.0,193.0,111.0,833.0,389.0,748.0,146.0,510.0,363.0,1579.0,1730.0,1772.0,1737.0,372.0,336.0,,13.0,1591.0,546.0,300.0,865.0,579.0,1444.0,431.0,148.0,593.0,182.0,90.0,3467.0,274.0,525.0,15.0,871.0,1285.0,118.0,2274.0,814.0,3088.0,110.0,408.0,254.0,154.0,452.0,95.0,292.0,453.0,44.0,160.0,79.0,905.0,78.0,205.0,522.0,1165.0,,83.0,118.0,1343.0,115.0,25.0,546.0,38.0,124.0,266.0,20.0,15.0,189.0,5.0,9.0,68.0,286.0,181.0,19.0,5.0,4.0,10.0,5832.0,1553.0,1470.0,77.0,0.4940034266133637,0.5464308275426406,0.8236130867709816,0.3430941922889214,0.310880829015544,0.2862745098039215,0.3452848722986247,0.5103468376566599,0.5587628865979382,0.5200534759358288,0.5119525547445255,0.532448377581121,0.4833068362480127,0.5478153338829349,0.5636856368563685,0.5345997286295794,0.3739051094890511,0.0874380647041678,0.1068702290076335,0.0917782026768642,0.014519056261343,0.4994475138121547,0.9291338582677166,0.1079136690647482,0.7255787690570299,0.3172205438066465,0.8224740321057602,0.2122385747482571,0.7618374558303886,0.2712152070604209,0.3618513323983169,0.3382838283828382,0.1845238095238095,0.2003968253968254,0.254416961130742,0.6386430678466076,0.7346600331674958,0.8346938775510204,0.8312655086848635,0.7944664031620553,0.0417457305502846,98.263931772285,0.6328671328671329,14.63467492260062,14.674171969326157,14.063386019227636,14.1786588350465,0.3346715328467153,0.6079607415485279,0.6807081807081807,0.5318385650224215,0.1908759124087591,0.4082217973231357,0.4494736842105263,0.4262295081967213,0.1005474452554744,0.3793103448275862,0.3848987108655617,0.430622009569378,0.0812043795620438,0.3528089887640449,0.357630979498861,0.9426751592356688,0.2927007299270073,0.3403990024937656,0.3433962264150943,0.7893772893772893,0.5368731563421829,0.6181318681318682,0.2,0.0781710914454277,0.3396226415094339,1.0,0.2064896755162241,0.3,0.8809523809523809,0.3314785373608903,0.6258992805755396,0.0786963434022257,0.3535353535353535,0.3267090620031797,0.2700729927007299,0.7085766423357664,0.3431803896920176,0.5182234254851701,0.5448256276150624,0.5114321543408359,0.0981481481481481,0.1413775245986535,0.0178055822906641,0.1249812453113278,0.2369092273068267,6.261060915185079,26.06227428013663,0.2421378523708652,False,20.0,8.0,0.009760858955588,0.0134831460674157,0.0087281795511221,203506,1610612754,2020,2019-20,True,1224.0,89.0,27.0,93.0,99.0,,22.0,32.0,,,
40160.0,669.0,79.0,1398.0,1402.0,370.0,307.0,153.0,2800.0,219.0,344.0,43.0,70.0,62.0,90.0,109.0,261.0,39.0,114.0,47.0,108.0,5.0,12.0,17.0,30.0,130.0,370.0,10.0,25.0,27.0,91.0,367.0,719.0,177.0,478.0,271.0,1536.0,1457.0,59.0,105.0,15.0,37.0,26.0,189.0,95.0,175.0,44.0,121.0,95.0,417.0,360.0,374.0,423.0,108.0,62.0,,5.0,365.0,130.0,64.0,180.0,141.0,321.0,96.0,45.0,118.0,47.0,15.0,783.0,63.0,103.0,2.0,314.0,249.0,29.0,592.0,168.0,760.0,25.0,98.0,58.0,40.0,116.0,32.0,74.0,113.0,13.0,42.0,10.0,229.0,12.0,62.0,124.0,255.0,1.0,14.0,23.0,328.0,24.0,10.0,137.0,7.0,25.0,70.0,5.0,3.0,38.0,2.0,3.0,29.0,75.0,52.0,2.0,,2.0,2.0,1347.0,410.0,366.0,24.0,0.4904632152588556,0.5357142857142857,0.7966101694915254,0.3702928870292887,0.4054054054054054,0.3636363636363636,0.3742071881606765,0.5104311543810849,0.5619047619047619,0.5428571428571428,0.5284043441938179,0.573943661971831,0.543918918918919,0.56972408650261,0.5943396226415094,0.5939306358381503,0.3993316624895572,0.0890125173852573,0.0930232558139534,0.1111111111111111,0.0263157894736842,0.5065502183406113,0.8787878787878788,0.0769230769230769,0.780564263322884,0.2976878612716763,0.8418230563002681,0.2202797202797203,0.8135838150289018,0.2626582278481013,0.3870967741935484,0.2466666666666666,0.25,0.2177777777777777,0.2295081967213114,0.7407407407407407,0.7545454545454545,0.8918918918918919,0.8426966292134831,0.839622641509434,0.0439367311072056,100.398406374502,0.6933333333333334,14.429184549356224,14.256776034236804,13.839055793991417,13.813837375178316,0.2873851294903926,0.6366279069767442,0.7019230769230769,0.5388127853881278,0.2180451127819548,0.4176245210727969,0.4698275862068966,0.4311926605504587,0.0952380952380952,0.3421052631578947,0.3513513513513513,0.3846153846153846,0.0902255639097744,0.4351851851851852,0.4351851851851852,0.9574468085106383,0.3091060985797828,0.3513513513513513,0.3513513513513513,0.7384615384615385,0.4929577464788732,0.6142857142857143,0.2325581395348837,0.0845070422535211,0.4166666666666667,0.8,0.176056338028169,0.4,0.9,0.304054054054054,0.6888888888888889,0.1013513513513513,0.5666666666666667,0.3074324324324324,0.2967032967032967,0.6867167919799498,0.3561643835616438,0.5184803946263643,0.5985207865168541,0.515810172413793,0.1094224924012158,0.1646634615384615,0.0144628099173553,0.123046875,0.271484375,6.70709318497914,25.915899581589954,0.2646638054363376,True,,1.0,,,,203506,1610612745,2021,2020-21,True,274.0,13.0,8.0,8.0,19.0,,10.0,10.0,,,
167500.0,2792.0,490.0,5871.0,5860.0,1468.0,1331.0,627.0,11731.0,1101.0,1672.0,189.0,297.0,236.0,369.0,444.0,1006.0,197.0,482.0,216.0,529.0,16.0,39.0,42.0,106.0,573.0,1525.0,40.0,112.0,133.0,383.0,1742.0,3160.0,789.0,2054.0,1015.0,6866.0,6376.0,236.0,440.0,56.0,151.0,120.0,760.0,392.0,706.0,175.0,489.0,379.0,1688.0,1760.0,1724.0,1962.0,405.0,282.0,,5.0,1520.0,573.0,288.0,880.0,654.0,1534.0,445.0,209.0,621.0,178.0,81.0,3722.0,243.0,464.0,20.0,1191.0,903.0,177.0,2271.0,727.0,2998.0,99.0,513.0,343.0,170.0,430.0,107.0,272.0,395.0,46.0,158.0,43.0,825.0,66.0,198.0,598.0,1133.0,1.0,65.0,73.0,1314.0,151.0,25.0,565.0,26.0,120.0,287.0,16.0,10.0,173.0,6.0,7.0,107.0,303.0,180.0,13.0,2.0,6.0,6.0,6106.0,1657.0,1450.0,80.0,0.505166475315729,0.5496564647095565,0.8288973384030418,0.38412852969815,0.3708609271523179,0.3578732106339468,0.3850658857979502,0.5512658227848102,0.5363636363636364,0.5552407932011332,0.5610855389336402,0.5414551607445008,0.5476987447698745,0.593170393482406,0.5741301059001512,0.5951875442321303,0.3939393939393939,0.0911392405063291,0.1028708133971291,0.1083499005964214,0.0145228215767634,0.5212121212121212,0.946524064171123,0.1257861635220125,0.7071260767423649,0.3316654753395282,0.7892644135188867,0.198205546492659,0.7516152189519024,0.2693333333333333,0.3820422535211267,0.3278688524590163,0.2375886524822695,0.1919302071973827,0.2168284789644013,0.6793650793650794,0.6986301369863014,0.8086124401913876,0.781896551724138,0.8137535816618912,0.0424710424710424,100.85158208955224,0.594059405940594,14.206097768693578,14.350853242320818,13.658490887412707,13.791808873720136,0.3206751054852321,0.6584928229665071,0.734,0.5640326975476839,0.1929420790180283,0.441351888667992,0.4949832775919732,0.4009009009009009,0.0924434215573456,0.4087136929460581,0.4147368421052632,0.4111675126903553,0.1014576141158419,0.4083175803402646,0.4106463878326996,0.9675925925925926,0.292481779823552,0.3757377049180327,0.3772218564845292,0.7766143106457243,0.5025380710659898,0.6363636363636364,0.1957671957671957,0.065989847715736,0.4102564102564102,1.0,0.1895093062605753,0.3571428571428571,0.9,0.3087866108786611,0.6395663956639567,0.0887029288702929,0.3962264150943396,0.3205020920502092,0.3472584856396867,0.714614499424626,0.3769736842105263,0.5237026614142961,0.5708622065727699,0.5105564814814813,0.1046202867764206,0.1580861779518746,0.0125301204819277,0.1106903582872123,0.2458491115642295,6.489588607594935,25.57814021421616,0.2500425821836143,False,9.0,5.0,0.0043816942551119,0.0056710775047258,0.0039344262295081,203506,1610612745,2021,2020-21,True,1132.0,57.0,21.0,68.0,88.0,,35.0,32.0,,,
6675.0,111.0,14.0,224.0,228.0,46.0,60.0,26.0,452.0,35.0,54.0,5.0,9.0,3.0,7.0,17.0,30.0,6.0,13.0,12.0,22.0,1.0,5.0,5.0,8.0,18.0,63.0,,4.0,5.0,12.0,58.0,97.0,30.0,85.0,48.0,254.0,240.0,9.0,15.0,1.0,9.0,3.0,24.0,6.0,13.0,10.0,20.0,21.0,63.0,72.0,44.0,84.0,6.0,16.0,,,63.0,18.0,10.0,36.0,28.0,64.0,16.0,12.0,21.0,12.0,3.0,156.0,14.0,12.0,1.0,40.0,36.0,8.0,84.0,27.0,111.0,3.0,23.0,15.0,8.0,24.0,5.0,21.0,22.0,6.0,3.0,1.0,46.0,2.0,7.0,24.0,47.0,,3.0,1.0,54.0,3.0,1.0,18.0,4.0,4.0,6.0,1.0,1.0,2.0,,2.0,2.0,7.0,4.0,,1.0,,2.0,230.0,63.0,46.0,6.0,0.6206896551724138,0.72,0.9333333333333332,0.3529411764705882,0.1111111111111111,0.5,0.3529411764705882,0.5979381443298969,0.6,0.4615384615384615,0.5659340659340659,0.4375,0.6363636363636364,0.6170731707317073,0.48,0.7325581395348837,0.467032967032967,0.1030927835051546,0.0555555555555555,0.1666666666666666,0.1538461538461538,0.5217391304347826,1.0,0.25,0.8181818181818182,0.3076923076923077,0.8163265306122449,0.2545454545454545,0.8172043010752689,0.2765957446808511,0.2631578947368421,0.3846153846153846,0.2857142857142857,0.2666666666666666,0.2,0.75,0.8181818181818182,0.9,0.84375,0.7647058823529411,0.036144578313253,97.51011235955056,0.5714285714285714,14.959821428571429,14.578947368421051,14.410714285714286,14.307017543859647,0.2967032967032967,0.6481481481481481,0.6862745098039216,0.6,0.1648351648351648,0.5666666666666667,0.68,0.7058823529411765,0.0714285714285714,0.4615384615384615,0.5454545454545454,0.5,0.1208791208791208,0.5454545454545454,0.5454545454545454,1.0,0.3461538461538461,0.2857142857142857,0.2903225806451613,0.8888888888888888,0.375,0.5555555555555556,,0.2083333333333333,0.2,1.0,0.1666666666666666,,,0.2121212121212121,0.4285714285714285,0.2424242424242424,0.625,0.3636363636363636,0.4166666666666667,0.7637362637362637,0.2857142857142857,0.5213821428571428,0.5469678571428572,0.514810606060606,0.105,0.1607142857142857,0.034090909090909,0.0944881889763779,0.2480314960629921,5.723711340206187,25.63411764705882,0.2053571428571428,True,1.0,,0.0117647058823529,,0.0158730158730158,203506,1610612748,2021,2020-21,True,44.0,1.0,3.0,1.0,4.0,,3.0,2.0,,,
201885.0,3365.0,-16.0,6736.0,6721.0,1450.0,1626.0,723.0,13457.0,1052.0,1622.0,207.0,347.0,208.0,313.0,453.0,1104.0,225.0,500.0,295.0,760.0,16.0,56.0,47.0,158.0,702.0,1969.0,48.0,139.0,132.0,399.0,1730.0,3226.0,997.0,2729.0,1074.0,7525.0,7541.0,266.0,473.0,64.0,195.0,137.0,861.0,346.0,638.0,179.0,557.0,367.0,1596.0,1834.0,1626.0,2628.0,363.0,346.0,1.0,10.0,1958.0,701.0,253.0,917.0,876.0,1793.0,594.0,282.0,566.0,235.0,116.0,4462.0,367.0,450.0,9.0,1263.0,1064.0,141.0,2468.0,826.0,3294.0,101.0,518.0,375.0,143.0,545.0,145.0,348.0,494.0,51.0,197.0,66.0,1039.0,84.0,210.0,619.0,1367.0,2.0,66.0,54.0,1381.0,155.0,22.0,589.0,46.0,111.0,254.0,26.0,21.0,159.0,5.0,10.0,85.0,280.0,160.0,17.0,2.0,6.0,7.0,6664.0,1572.0,1436.0,117.0,0.5300578034682081,0.5889531149646756,0.8786359077231695,0.3653352876511542,0.3282051282051282,0.3213644524236984,0.3663111438028687,0.5362678239305642,0.5623678646934461,0.542319749216301,0.5416456759026028,0.5419161676646707,0.5142259414225941,0.5745332108968473,0.5778523489932886,0.5640481245576787,0.4582703610411419,0.078425294482331,0.0813810110974106,0.0969202898550724,0.028,0.5245428296438883,0.9657534246575342,0.0576923076923076,0.7247956403269755,0.3067484662576687,0.8116966580976864,0.2176749703440094,0.769510582010582,0.2591183000317158,0.3570159857904085,0.3166144200626959,0.1766917293233082,0.2035830618892508,0.2554585152838428,0.6380255941499086,0.7467105263157895,0.8338658146964856,0.812607944732297,0.8090452261306532,0.0349965349965349,95.98573445278252,0.5714285714285714,15.128859857482183,14.875316173188514,14.5479513064133,14.339384020235084,0.2723761544920235,0.6485819975339088,0.7060402684563758,0.5380228136882129,0.1853904282115869,0.4103260869565217,0.4543630892678034,0.5187637969094923,0.0839630562552476,0.45,0.4629629629629629,0.5155555555555555,0.1276238455079764,0.3881578947368421,0.3917662682602921,0.9559322033898304,0.3306465155331654,0.356526155408837,0.3592630501535312,0.8461538461538461,0.5194610778443114,0.5965417867435159,0.1545893719806763,0.0838323353293413,0.2857142857142857,0.8125,0.2080838323353293,0.3453237410071942,0.9791666666666666,0.2619246861924686,0.6645367412140575,0.1322175732217573,0.2974683544303797,0.3338912133891213,0.3308270676691729,0.7306465155331654,0.3580183861082737,0.5200512965145648,0.5678466903073285,0.5058994087837838,0.0987231392089691,0.1609289617486339,0.0162925416364952,0.1144186046511628,0.2120930232558139,6.527650340979546,25.59750824477829,0.2152612826603325,False,22.0,12.0,0.0080615610113594,0.0092105263157894,0.0076180802437785,203506,1610612748,2021,2020-21,True,1316.0,113.0,34.0,79.0,92.0,,65.0,36.0,,,
17971.0,300.0,-22.0,618.0,608.0,163.0,110.0,66.0,1226.0,122.0,208.0,18.0,37.0,37.0,58.0,37.0,94.0,20.0,54.0,23.0,60.0,4.0,9.0,4.0,13.0,51.0,129.0,5.0,10.0,9.0,28.0,179.0,356.0,74.0,189.0,115.0,695.0,717.0,19.0,47.0,9.0,19.0,10.0,75.0,45.0,84.0,13.0,41.0,52.0,181.0,166.0,192.0,192.0,30.0,26.0,,1.0,128.0,51.0,31.0,83.0,64.0,147.0,41.0,23.0,56.0,20.0,7.0,358.0,16.0,61.0,3.0,108.0,115.0,15.0,238.0,80.0,318.0,14.0,32.0,21.0,11.0,47.0,6.0,28.0,36.0,10.0,19.0,2.0,83.0,7.0,21.0,61.0,124.0,1.0,9.0,7.0,150.0,15.0,1.0,61.0,1.0,20.0,34.0,2.0,2.0,28.0,,1.0,5.0,36.0,20.0,2.0,,,1.0,620.0,170.0,156.0,6.0,0.4636871508379888,0.5,0.8648648648648649,0.3915343915343915,0.4736842105263157,0.3170731707317073,0.3936170212765957,0.5028089887640449,0.4042553191489361,0.5357142857142857,0.5321100917431193,0.4924242424242424,0.516,0.5669934640522876,0.5208333333333334,0.5915032679738562,0.3467889908256881,0.0870786516853932,0.125,0.0531914893617021,,0.5662650602409639,0.8823529411764706,0.2307692307692307,0.7666666666666667,0.3465909090909091,0.7941176470588235,0.1441441441441441,0.7797202797202797,0.2682926829268293,0.4186046511627907,0.3157894736842105,0.2121212121212121,0.1486486486486486,0.1351351351351351,0.651685393258427,0.92,0.9444444444444444,0.8090909090909091,0.7307692307692307,0.0549019607843137,98.23827277280064,0.5555555555555556,14.818770226537216,14.495065789473683,14.294498381877023,14.054276315789474,0.381651376146789,0.5865384615384616,0.6703296703296703,0.4590163934426229,0.1724770642201835,0.3936170212765957,0.4157303370786517,0.5405405405405406,0.0990825688073394,0.3703703703703703,0.3703703703703703,0.35,0.110091743119266,0.3833333333333333,0.3833333333333333,1.0,0.236697247706422,0.3953488372093023,0.3984375,0.803921568627451,0.5606060606060606,0.4864864864864865,0.1666666666666666,0.1363636363636363,0.4444444444444444,1.0,0.1515151515151515,0.5,0.8,0.464,0.6379310344827587,0.104,0.3076923076923077,0.224,0.3214285714285714,0.728440366972477,0.3984375,0.5449171874999998,0.6058830357142856,0.5601052419354839,0.1047297297297297,0.1517412935323383,0.0052631578947368,0.1079136690647482,0.260431654676259,5.690168539325843,25.77248677248677,0.2637540453074433,True,1.0,,0.0052910052910052,,0.0077519379844961,203506,1610612754,2021,2020-21,True,130.0,9.0,3.0,6.0,12.0,,6.0,2.0,,,
191489.0,3191.0,25.0,6732.0,6745.0,1740.0,1374.0,806.0,13477.0,1329.0,2157.0,247.0,410.0,307.0,492.0,518.0,1226.0,222.0,572.0,194.0,524.0,21.0,55.0,44.0,123.0,560.0,1552.0,67.0,154.0,121.0,399.0,2069.0,3955.0,754.0,2076.0,1210.0,7610.0,7585.0,312.0,578.0,88.0,209.0,144.0,1032.0,474.0,923.0,165.0,522.0,499.0,1942.0,2172.0,1966.0,1932.0,330.0,394.0,,12.0,1540.0,560.0,402.0,1086.0,644.0,1730.0,456.0,188.0,745.0,225.0,116.0,4104.0,279.0,632.0,24.0,1101.0,1258.0,126.0,2485.0,935.0,3420.0,131.0,503.0,330.0,173.0,564.0,121.0,380.0,417.0,49.0,184.0,70.0,981.0,71.0,233.0,622.0,1182.0,,80.0,71.0,1545.0,146.0,29.0,617.0,29.0,175.0,328.0,16.0,11.0,211.0,5.0,6.0,111.0,344.0,223.0,27.0,3.0,5.0,6.0,6578.0,1881.0,1705.0,84.0,0.5248912518124698,0.5801282051282052,0.8541114058355438,0.3631984585741811,0.4210526315789473,0.3160919540229885,0.3653100775193798,0.5231352718078381,0.5397923875432526,0.5135427952329361,0.5305919416348864,0.5641677255400254,0.4993079584775086,0.5660152170669849,0.5933179723502304,0.5595375722543353,0.3442215221356325,0.1016434892541087,0.1247102457116365,0.100326264274062,0.0174825174825174,0.5749235474006116,0.8873239436619719,0.1548387096774193,0.7322467986030268,0.3399677245831092,0.7978260869565217,0.2189952904238618,0.7614590058102001,0.2907756144270667,0.3909866017052375,0.3452722063037249,0.2058823529411764,0.22,0.2160493827160493,0.6916243654822335,0.7313432835820896,0.8576923076923076,0.7948717948717948,0.8090277777777778,0.048214942951785,101.3472314336594,0.6482558139534884,14.672459893048128,13.74558932542624,14.091206179441471,13.25114899925871,0.3576521306582656,0.6161335187760779,0.7039194915254238,0.5605718585402558,0.2032830376388658,0.4225122349102773,0.4696282864913871,0.4343629343629344,0.0948433095672359,0.3881118881118881,0.395017793594306,0.5225225225225225,0.0868844304427126,0.3702290076335878,0.3766990291262136,0.9690721649484536,0.2573370916929199,0.3608247422680412,0.3648208469055374,0.8142857142857143,0.5209656925031766,0.6024390243902439,0.2024291497975708,0.0698856416772554,0.3818181818181818,0.9047619047619048,0.1956797966963151,0.435064935064935,0.8656716417910447,0.3404844290657439,0.6239837398373984,0.0851211072664359,0.3577235772357723,0.2761245674740484,0.3032581453634085,0.7018736527938982,0.3636363636363636,0.5315561409340198,0.5961016750418758,0.5204930962343095,0.0988202849701241,0.1394035246272029,0.0133269871489766,0.1356110381077529,0.2551905387647832,6.02182048040455,25.92124277456649,0.2584670231729055,False,26.0,3.0,0.01252408477842,0.0171755725190839,0.0109536082474226,203506,1610612754,2021,2020-21,True,1322.0,53.0,30.0,85.0,122.0,,15.0,42.0,,,
10387.0,173.0,5.0,351.0,349.0,99.0,117.0,37.0,700.0,59.0,85.0,11.0,22.0,11.0,19.0,21.0,50.0,8.0,26.0,20.0,47.0,,3.0,4.0,8.0,27.0,100.0,1.0,5.0,8.0,25.0,88.0,161.0,47.0,147.0,59.0,376.0,371.0,17.0,30.0,1.0,8.0,7.0,44.0,22.0,43.0,12.0,33.0,27.0,107.0,96.0,80.0,135.0,6.0,8.0,,,100.0,27.0,14.0,48.0,45.0,93.0,25.0,20.0,37.0,7.0,4.0,231.0,19.0,25.0,1.0,65.0,62.0,9.0,136.0,45.0,181.0,4.0,36.0,17.0,19.0,25.0,9.0,19.0,40.0,1.0,6.0,1.0,65.0,5.0,22.0,30.0,84.0,,4.0,5.0,74.0,14.0,1.0,30.0,4.0,7.0,16.0,,,11.0,,,5.0,16.0,9.0,,,,,332.0,107.0,99.0,6.0,0.5454545454545454,0.5714285714285714,0.9574468085106383,0.3197278911564626,0.125,0.3636363636363636,0.3197278911564626,0.546583850931677,0.5666666666666667,0.5116279069767442,0.5146103896103896,0.4868421052631579,0.5263157894736842,0.5597014925373134,0.5119047619047619,0.6079545454545454,0.4772727272727273,0.0869565217391304,0.1411764705882353,0.04,,0.3846153846153846,1.0,0.1111111111111111,0.7848101265822784,0.3472222222222222,0.8333333333333334,0.2065217391304347,0.8089171974522293,0.2682926829268293,0.4615384615384615,0.4137931034482758,0.0588235294117647,0.1666666666666666,0.3076923076923077,0.6451612903225806,0.8529411764705882,0.9285714285714286,0.85,0.7777777777777778,0.0273972602739726,97.04438240107828,0.5625,15.424501424501424,14.249283667621777,14.811965811965813,13.782234957020057,0.275974025974026,0.6941176470588235,0.8082191780821918,0.6271186440677966,0.1623376623376623,0.42,0.4375,0.3333333333333333,0.0844155844155844,0.3076923076923077,0.3076923076923077,0.5,0.1525974025974026,0.425531914893617,0.4545454545454545,1.0,0.3246753246753247,0.27,0.2755102040816326,0.925925925925926,0.5789473684210527,0.5,0.4545454545454545,0.0789473684210526,,,0.131578947368421,0.2,1.0,0.25,0.5789473684210527,0.1052631578947368,0.5,0.3289473684210526,0.32,0.7532467532467533,0.27,0.5263174836601305,0.5403870370370372,0.504303947368421,0.1036585365853658,0.1694915254237288,0.0264900662251655,0.1170212765957446,0.2845744680851064,6.260248447204968,25.76258503401361,0.282051282051282,True,5.0,,0.0340136054421768,0.0638297872340425,0.02,203506,1610612748,2022,2021-22,True,62.0,2.0,3.0,8.0,6.0,,9.0,2.0,,,
227873.0,3798.0,-370.0,7539.0,7544.0,1812.0,1792.0,806.0,15083.0,1126.0,1714.0,215.0,333.0,261.0,404.0,574.0,1300.0,226.0,573.0,313.0,841.0,23.0,80.0,60.0,188.0,704.0,2150.0,62.0,160.0,147.0,483.0,1926.0,3587.0,1017.0,2991.0,1378.0,8281.0,8651.0,284.0,493.0,85.0,240.0,176.0,999.0,426.0,790.0,207.0,671.0,529.0,2002.0,1948.0,1904.0,2523.0,528.0,340.0,,10.0,2140.0,704.0,226.0,974.0,841.0,1815.0,540.0,301.0,643.0,227.0,104.0,4471.0,408.0,492.0,25.0,1270.0,1247.0,145.0,2662.0,925.0,3587.0,109.0,572.0,400.0,172.0,581.0,137.0,381.0,582.0,53.0,200.0,59.0,1163.0,94.0,265.0,708.0,1602.0,1.0,92.0,105.0,1771.0,186.0,61.0,739.0,31.0,168.0,272.0,42.0,23.0,161.0,19.0,12.0,99.0,314.0,179.0,22.0,6.0,4.0,12.0,7282.0,1985.0,1801.0,136.0,0.505711318795431,0.5546697038724373,0.8269419862340216,0.3400200601805416,0.3541666666666667,0.30849478390462,0.341160684334116,0.5369389461945916,0.5760649087221096,0.5392405063291139,0.5247035573122529,0.5613915416098226,0.5041067761806981,0.5617064846416382,0.5899880810488677,0.5615819209039548,0.4546974764366068,0.063005296905492,0.0746791131855309,0.0707692307692307,0.0104712041884816,0.4995700773860705,0.9177215189873418,0.1351351351351351,0.6997755331088664,0.3003663003663003,0.7595693779904307,0.2129436325678496,0.7287203242617255,0.253235790658413,0.3842195540308747,0.2861111111111111,0.1850746268656716,0.2131616595135908,0.2123552123552123,0.6191275167785235,0.7195571955719557,0.7855227882037533,0.7547008547008547,0.7709163346613546,0.0329006942348324,95.31414428212206,0.5700636942675159,15.06977052659504,15.146076352067867,14.497811380819735,14.551033934252386,0.2605655214350866,0.6569428238039673,0.7099621689785625,0.5710479573712256,0.1976284584980237,0.4415384615384615,0.4751655629139072,0.3954703832752613,0.0871085436302827,0.3944153577661431,0.3985890652557319,0.4601769911504424,0.1278504104591061,0.3721759809750297,0.3784764207980653,0.9616613418530352,0.3268470659775007,0.3274418604651162,0.3283582089552239,0.7670454545454546,0.4542974079126876,0.6456456456456456,0.1627906976744186,0.1091405184174624,0.2875,0.8695652173913043,0.2182810368349249,0.3875,0.8225806451612904,0.2765229295003422,0.6460396039603961,0.1286789869952087,0.3191489361702128,0.3305954825462012,0.3043478260869565,0.7152629978716936,0.3289719626168224,0.5204848369399576,0.5388988172043011,0.5084399999999996,0.1075869777839877,0.1785024154589372,0.0102751077229035,0.1206376041540876,0.2417582417582417,6.811987733482018,25.60347709796053,0.240350179068842,False,20.0,5.0,0.0066867268472082,0.0166468489892984,0.0027906976744186,203506,1610612748,2022,2021-22,True,1615.0,141.0,43.0,92.0,140.0,,98.0,34.0,,,
10387.0,173.0,5.0,351.0,349.0,99.0,117.0,37.0,700.0,59.0,85.0,11.0,22.0,11.0,19.0,21.0,50.0,8.0,26.0,20.0,47.0,,3.0,4.0,8.0,27.0,100.0,1.0,5.0,8.0,25.0,88.0,161.0,47.0,147.0,59.0,376.0,371.0,17.0,30.0,1.0,8.0,7.0,44.0,22.0,43.0,12.0,33.0,27.0,107.0,96.0,80.0,135.0,6.0,8.0,,,100.0,27.0,14.0,48.0,45.0,93.0,25.0,20.0,37.0,7.0,4.0,231.0,19.0,25.0,1.0,65.0,62.0,9.0,136.0,45.0,181.0,4.0,36.0,17.0,19.0,25.0,9.0,19.0,40.0,1.0,6.0,1.0,65.0,5.0,22.0,30.0,84.0,,4.0,5.0,74.0,14.0,1.0,30.0,4.0,7.0,16.0,,,11.0,,,5.0,16.0,9.0,,,,,332.0,107.0,99.0,6.0,0.5454545454545454,0.5714285714285714,0.9574468085106383,0.3197278911564626,0.125,0.3636363636363636,0.3197278911564626,0.546583850931677,0.5666666666666667,0.5116279069767442,0.5146103896103896,0.4868421052631579,0.5263157894736842,0.5597014925373134,0.5119047619047619,0.6079545454545454,0.4772727272727273,0.0869565217391304,0.1411764705882353,0.04,,0.3846153846153846,1.0,0.1111111111111111,0.7848101265822784,0.3472222222222222,0.8333333333333334,0.2065217391304347,0.8089171974522293,0.2682926829268293,0.4615384615384615,0.4137931034482758,0.0588235294117647,0.1666666666666666,0.3076923076923077,0.6451612903225806,0.8529411764705882,0.9285714285714286,0.85,0.7777777777777778,0.0273972602739726,97.04438240107828,0.5625,15.424501424501424,14.249283667621777,14.811965811965813,13.782234957020057,0.275974025974026,0.6941176470588235,0.8082191780821918,0.6271186440677966,0.1623376623376623,0.42,0.4375,0.3333333333333333,0.0844155844155844,0.3076923076923077,0.3076923076923077,0.5,0.1525974025974026,0.425531914893617,0.4545454545454545,1.0,0.3246753246753247,0.27,0.2755102040816326,0.925925925925926,0.5789473684210527,0.5,0.4545454545454545,0.0789473684210526,,,0.131578947368421,0.2,1.0,0.25,0.5789473684210527,0.1052631578947368,0.5,0.3289473684210526,0.32,0.7532467532467533,0.27,0.5263174836601305,0.5403870370370372,0.504303947368421,0.1036585365853658,0.1694915254237288,0.0264900662251655,0.1170212765957446,0.2845744680851064,6.260248447204968,25.76258503401361,0.282051282051282,True,5.0,,0.0340136054421768,0.0638297872340425,0.02,203506,1610612748,2022,2021-22,True,62.0,2.0,3.0,8.0,6.0,,9.0,2.0,,,
227873.0,3798.0,-370.0,7539.0,7544.0,1812.0,1792.0,806.0,15083.0,1126.0,1714.0,215.0,333.0,261.0,404.0,574.0,1300.0,226.0,573.0,313.0,841.0,23.0,80.0,60.0,188.0,704.0,2150.0,62.0,160.0,147.0,483.0,1926.0,3587.0,1017.0,2991.0,1378.0,8281.0,8651.0,284.0,493.0,85.0,240.0,176.0,999.0,426.0,790.0,207.0,671.0,529.0,2002.0,1948.0,1904.0,2523.0,528.0,340.0,,10.0,2140.0,704.0,226.0,974.0,841.0,1815.0,540.0,301.0,643.0,227.0,104.0,4471.0,408.0,492.0,25.0,1270.0,1247.0,145.0,2662.0,925.0,3587.0,109.0,572.0,400.0,172.0,581.0,137.0,381.0,582.0,53.0,200.0,59.0,1163.0,94.0,265.0,708.0,1602.0,1.0,92.0,105.0,1771.0,186.0,61.0,739.0,31.0,168.0,272.0,42.0,23.0,161.0,19.0,12.0,99.0,314.0,179.0,22.0,6.0,4.0,12.0,7282.0,1985.0,1801.0,136.0,0.505711318795431,0.5546697038724373,0.8269419862340216,0.3400200601805416,0.3541666666666667,0.30849478390462,0.341160684334116,0.5369389461945916,0.5760649087221096,0.5392405063291139,0.5247035573122529,0.5613915416098226,0.5041067761806981,0.5617064846416382,0.5899880810488677,0.5615819209039548,0.4546974764366068,0.063005296905492,0.0746791131855309,0.0707692307692307,0.0104712041884816,0.4995700773860705,0.9177215189873418,0.1351351351351351,0.6997755331088664,0.3003663003663003,0.7595693779904307,0.2129436325678496,0.7287203242617255,0.253235790658413,0.3842195540308747,0.2861111111111111,0.1850746268656716,0.2131616595135908,0.2123552123552123,0.6191275167785235,0.7195571955719557,0.7855227882037533,0.7547008547008547,0.7709163346613546,0.0329006942348324,95.31414428212206,0.5700636942675159,15.06977052659504,15.146076352067867,14.497811380819735,14.551033934252386,0.2605655214350866,0.6569428238039673,0.7099621689785625,0.5710479573712256,0.1976284584980237,0.4415384615384615,0.4751655629139072,0.3954703832752613,0.0871085436302827,0.3944153577661431,0.3985890652557319,0.4601769911504424,0.1278504104591061,0.3721759809750297,0.3784764207980653,0.9616613418530352,0.3268470659775007,0.3274418604651162,0.3283582089552239,0.7670454545454546,0.4542974079126876,0.6456456456456456,0.1627906976744186,0.1091405184174624,0.2875,0.8695652173913043,0.2182810368349249,0.3875,0.8225806451612904,0.2765229295003422,0.6460396039603961,0.1286789869952087,0.3191489361702128,0.3305954825462012,0.3043478260869565,0.7152629978716936,0.3289719626168224,0.5204848369399576,0.5388988172043011,0.5084399999999996,0.1075869777839877,0.1785024154589372,0.0102751077229035,0.1206376041540876,0.2417582417582417,6.811987733482018,25.60347709796053,0.240350179068842,False,20.0,5.0,0.0066867268472082,0.0166468489892984,0.0027906976744186,203506,1610612748,2022,2021-22,True,1615.0,141.0,43.0,92.0,140.0,,98.0,34.0,,,
10387.0,173.0,5.0,351.0,349.0,99.0,117.0,37.0,700.0,59.0,85.0,11.0,22.0,11.0,19.0,21.0,50.0,8.0,26.0,20.0,47.0,,3.0,4.0,8.0,27.0,100.0,1.0,5.0,8.0,25.0,88.0,161.0,47.0,147.0,59.0,376.0,371.0,17.0,30.0,1.0,8.0,7.0,44.0,22.0,43.0,12.0,33.0,27.0,107.0,96.0,80.0,135.0,6.0,8.0,,,100.0,27.0,14.0,48.0,45.0,93.0,25.0,20.0,37.0,7.0,4.0,231.0,19.0,25.0,1.0,65.0,62.0,9.0,136.0,45.0,181.0,4.0,36.0,17.0,19.0,25.0,9.0,19.0,40.0,1.0,6.0,1.0,65.0,5.0,22.0,30.0,84.0,,4.0,5.0,74.0,14.0,1.0,30.0,4.0,7.0,16.0,,,11.0,,,5.0,16.0,9.0,,,,,332.0,107.0,99.0,6.0,0.5454545454545454,0.5714285714285714,0.9574468085106383,0.3197278911564626,0.125,0.3636363636363636,0.3197278911564626,0.546583850931677,0.5666666666666667,0.5116279069767442,0.5146103896103896,0.4868421052631579,0.5263157894736842,0.5597014925373134,0.5119047619047619,0.6079545454545454,0.4772727272727273,0.0869565217391304,0.1411764705882353,0.04,,0.3846153846153846,1.0,0.1111111111111111,0.7848101265822784,0.3472222222222222,0.8333333333333334,0.2065217391304347,0.8089171974522293,0.2682926829268293,0.4615384615384615,0.4137931034482758,0.0588235294117647,0.1666666666666666,0.3076923076923077,0.6451612903225806,0.8529411764705882,0.9285714285714286,0.85,0.7777777777777778,0.0273972602739726,97.04438240107828,0.5625,15.424501424501424,14.249283667621777,14.811965811965813,13.782234957020057,0.275974025974026,0.6941176470588235,0.8082191780821918,0.6271186440677966,0.1623376623376623,0.42,0.4375,0.3333333333333333,0.0844155844155844,0.3076923076923077,0.3076923076923077,0.5,0.1525974025974026,0.425531914893617,0.4545454545454545,1.0,0.3246753246753247,0.27,0.2755102040816326,0.925925925925926,0.5789473684210527,0.5,0.4545454545454545,0.0789473684210526,,,0.131578947368421,0.2,1.0,0.25,0.5789473684210527,0.1052631578947368,0.5,0.3289473684210526,0.32,0.7532467532467533,0.27,0.5263174836601305,0.5403870370370372,0.504303947368421,0.1036585365853658,0.1694915254237288,0.0264900662251655,0.1170212765957446,0.2845744680851064,6.260248447204968,25.76258503401361,0.282051282051282,True,5.0,,0.0340136054421768,0.0638297872340425,0.02,203506,1610612748,2022,2021-22,True,62.0,2.0,3.0,8.0,6.0,,9.0,2.0,,,
227873.0,3798.0,-370.0,7539.0,7544.0,1812.0,1792.0,806.0,15083.0,1126.0,1714.0,215.0,333.0,261.0,404.0,574.0,1300.0,226.0,573.0,313.0,841.0,23.0,80.0,60.0,188.0,704.0,2150.0,62.0,160.0,147.0,483.0,1926.0,3587.0,1017.0,2991.0,1378.0,8281.0,8651.0,284.0,493.0,85.0,240.0,176.0,999.0,426.0,790.0,207.0,671.0,529.0,2002.0,1948.0,1904.0,2523.0,528.0,340.0,,10.0,2140.0,704.0,226.0,974.0,841.0,1815.0,540.0,301.0,643.0,227.0,104.0,4471.0,408.0,492.0,25.0,1270.0,1247.0,145.0,2662.0,925.0,3587.0,109.0,572.0,400.0,172.0,581.0,137.0,381.0,582.0,53.0,200.0,59.0,1163.0,94.0,265.0,708.0,1602.0,1.0,92.0,105.0,1771.0,186.0,61.0,739.0,31.0,168.0,272.0,42.0,23.0,161.0,19.0,12.0,99.0,314.0,179.0,22.0,6.0,4.0,12.0,7282.0,1985.0,1801.0,136.0,0.505711318795431,0.5546697038724373,0.8269419862340216,0.3400200601805416,0.3541666666666667,0.30849478390462,0.341160684334116,0.5369389461945916,0.5760649087221096,0.5392405063291139,0.5247035573122529,0.5613915416098226,0.5041067761806981,0.5617064846416382,0.5899880810488677,0.5615819209039548,0.4546974764366068,0.063005296905492,0.0746791131855309,0.0707692307692307,0.0104712041884816,0.4995700773860705,0.9177215189873418,0.1351351351351351,0.6997755331088664,0.3003663003663003,0.7595693779904307,0.2129436325678496,0.7287203242617255,0.253235790658413,0.3842195540308747,0.2861111111111111,0.1850746268656716,0.2131616595135908,0.2123552123552123,0.6191275167785235,0.7195571955719557,0.7855227882037533,0.7547008547008547,0.7709163346613546,0.0329006942348324,95.31414428212206,0.5700636942675159,15.06977052659504,15.146076352067867,14.497811380819735,14.551033934252386,0.2605655214350866,0.6569428238039673,0.7099621689785625,0.5710479573712256,0.1976284584980237,0.4415384615384615,0.4751655629139072,0.3954703832752613,0.0871085436302827,0.3944153577661431,0.3985890652557319,0.4601769911504424,0.1278504104591061,0.3721759809750297,0.3784764207980653,0.9616613418530352,0.3268470659775007,0.3274418604651162,0.3283582089552239,0.7670454545454546,0.4542974079126876,0.6456456456456456,0.1627906976744186,0.1091405184174624,0.2875,0.8695652173913043,0.2182810368349249,0.3875,0.8225806451612904,0.2765229295003422,0.6460396039603961,0.1286789869952087,0.3191489361702128,0.3305954825462012,0.3043478260869565,0.7152629978716936,0.3289719626168224,0.5204848369399576,0.5388988172043011,0.5084399999999996,0.1075869777839877,0.1785024154589372,0.0102751077229035,0.1206376041540876,0.2417582417582417,6.811987733482018,25.60347709796053,0.240350179068842,False,20.0,5.0,0.0066867268472082,0.0166468489892984,0.0027906976744186,203506,1610612748,2022,2021-22,True,1615.0,141.0,43.0,92.0,140.0,,98.0,34.0,,,
10387.0,173.0,5.0,351.0,349.0,99.0,117.0,37.0,700.0,59.0,85.0,11.0,22.0,11.0,19.0,21.0,50.0,8.0,26.0,20.0,47.0,,3.0,4.0,8.0,27.0,100.0,1.0,5.0,8.0,25.0,88.0,161.0,47.0,147.0,59.0,376.0,371.0,17.0,30.0,1.0,8.0,7.0,44.0,22.0,43.0,12.0,33.0,27.0,107.0,96.0,80.0,135.0,6.0,8.0,,,100.0,27.0,14.0,48.0,45.0,93.0,25.0,20.0,37.0,7.0,4.0,231.0,19.0,25.0,1.0,65.0,62.0,9.0,136.0,45.0,181.0,4.0,36.0,17.0,19.0,25.0,9.0,19.0,40.0,1.0,6.0,1.0,65.0,5.0,22.0,30.0,84.0,,4.0,5.0,74.0,14.0,1.0,30.0,4.0,7.0,16.0,,,11.0,,,5.0,16.0,9.0,,,,,332.0,107.0,99.0,6.0,0.5454545454545454,0.5714285714285714,0.9574468085106383,0.3197278911564626,0.125,0.3636363636363636,0.3197278911564626,0.546583850931677,0.5666666666666667,0.5116279069767442,0.5146103896103896,0.4868421052631579,0.5263157894736842,0.5597014925373134,0.5119047619047619,0.6079545454545454,0.4772727272727273,0.0869565217391304,0.1411764705882353,0.04,,0.3846153846153846,1.0,0.1111111111111111,0.7848101265822784,0.3472222222222222,0.8333333333333334,0.2065217391304347,0.8089171974522293,0.2682926829268293,0.4615384615384615,0.4137931034482758,0.0588235294117647,0.1666666666666666,0.3076923076923077,0.6451612903225806,0.8529411764705882,0.9285714285714286,0.85,0.7777777777777778,0.0273972602739726,97.04438240107828,0.5625,15.424501424501424,14.249283667621777,14.811965811965813,13.782234957020057,0.275974025974026,0.6941176470588235,0.8082191780821918,0.6271186440677966,0.1623376623376623,0.42,0.4375,0.3333333333333333,0.0844155844155844,0.3076923076923077,0.3076923076923077,0.5,0.1525974025974026,0.425531914893617,0.4545454545454545,1.0,0.3246753246753247,0.27,0.2755102040816326,0.925925925925926,0.5789473684210527,0.5,0.4545454545454545,0.0789473684210526,,,0.131578947368421,0.2,1.0,0.25,0.5789473684210527,0.1052631578947368,0.5,0.3289473684210526,0.32,0.7532467532467533,0.27,0.5263174836601305,0.5403870370370372,0.504303947368421,0.1036585365853658,0.1694915254237288,0.0264900662251655,0.1170212765957446,0.2845744680851064,6.260248447204968,25.76258503401361,0.282051282051282,True,5.0,,0.0340136054421768,0.0638297872340425,0.02,203506,1610612748,2022,2021-22,True,62.0,2.0,3.0,8.0,6.0,,9.0,2.0,,,
227873.0,3798.0,-370.0,7539.0,7544.0,1812.0,1792.0,806.0,15083.0,1126.0,1714.0,215.0,333.0,261.0,404.0,574.0,1300.0,226.0,573.0,313.0,841.0,23.0,80.0,60.0,188.0,704.0,2150.0,62.0,160.0,147.0,483.0,1926.0,3587.0,1017.0,2991.0,1378.0,8281.0,8651.0,284.0,493.0,85.0,240.0,176.0,999.0,426.0,790.0,207.0,671.0,529.0,2002.0,1948.0,1904.0,2523.0,528.0,340.0,,10.0,2140.0,704.0,226.0,974.0,841.0,1815.0,540.0,301.0,643.0,227.0,104.0,4471.0,408.0,492.0,25.0,1270.0,1247.0,145.0,2662.0,925.0,3587.0,109.0,572.0,400.0,172.0,581.0,137.0,381.0,582.0,53.0,200.0,59.0,1163.0,94.0,265.0,708.0,1602.0,1.0,92.0,105.0,1771.0,186.0,61.0,739.0,31.0,168.0,272.0,42.0,23.0,161.0,19.0,12.0,99.0,314.0,179.0,22.0,6.0,4.0,12.0,7282.0,1985.0,1801.0,136.0,0.505711318795431,0.5546697038724373,0.8269419862340216,0.3400200601805416,0.3541666666666667,0.30849478390462,0.341160684334116,0.5369389461945916,0.5760649087221096,0.5392405063291139,0.5247035573122529,0.5613915416098226,0.5041067761806981,0.5617064846416382,0.5899880810488677,0.5615819209039548,0.4546974764366068,0.063005296905492,0.0746791131855309,0.0707692307692307,0.0104712041884816,0.4995700773860705,0.9177215189873418,0.1351351351351351,0.6997755331088664,0.3003663003663003,0.7595693779904307,0.2129436325678496,0.7287203242617255,0.253235790658413,0.3842195540308747,0.2861111111111111,0.1850746268656716,0.2131616595135908,0.2123552123552123,0.6191275167785235,0.7195571955719557,0.7855227882037533,0.7547008547008547,0.7709163346613546,0.0329006942348324,95.31414428212206,0.5700636942675159,15.06977052659504,15.146076352067867,14.497811380819735,14.551033934252386,0.2605655214350866,0.6569428238039673,0.7099621689785625,0.5710479573712256,0.1976284584980237,0.4415384615384615,0.4751655629139072,0.3954703832752613,0.0871085436302827,0.3944153577661431,0.3985890652557319,0.4601769911504424,0.1278504104591061,0.3721759809750297,0.3784764207980653,0.9616613418530352,0.3268470659775007,0.3274418604651162,0.3283582089552239,0.7670454545454546,0.4542974079126876,0.6456456456456456,0.1627906976744186,0.1091405184174624,0.2875,0.8695652173913043,0.2182810368349249,0.3875,0.8225806451612904,0.2765229295003422,0.6460396039603961,0.1286789869952087,0.3191489361702128,0.3305954825462012,0.3043478260869565,0.7152629978716936,0.3289719626168224,0.5204848369399576,0.5388988172043011,0.5084399999999996,0.1075869777839877,0.1785024154589372,0.0102751077229035,0.1206376041540876,0.2417582417582417,6.811987733482018,25.60347709796053,0.240350179068842,False,20.0,5.0,0.0066867268472082,0.0166468489892984,0.0027906976744186,203506,1610612748,2022,2021-22,True,1615.0,141.0,43.0,92.0,140.0,,98.0,34.0,,,
10387.0,173.0,5.0,351.0,349.0,99.0,117.0,37.0,700.0,59.0,85.0,11.0,22.0,11.0,19.0,21.0,50.0,8.0,26.0,20.0,47.0,,3.0,4.0,8.0,27.0,100.0,1.0,5.0,8.0,25.0,88.0,161.0,47.0,147.0,59.0,376.0,371.0,17.0,30.0,1.0,8.0,7.0,44.0,22.0,43.0,12.0,33.0,27.0,107.0,96.0,80.0,135.0,6.0,8.0,,,100.0,27.0,14.0,48.0,45.0,93.0,25.0,20.0,37.0,7.0,4.0,231.0,19.0,25.0,1.0,65.0,62.0,9.0,136.0,45.0,181.0,4.0,36.0,17.0,19.0,25.0,9.0,19.0,40.0,1.0,6.0,1.0,65.0,5.0,22.0,30.0,84.0,,4.0,5.0,74.0,14.0,1.0,30.0,4.0,7.0,16.0,,,11.0,,,5.0,16.0,9.0,,,,,332.0,107.0,99.0,6.0,0.5454545454545454,0.5714285714285714,0.9574468085106383,0.3197278911564626,0.125,0.3636363636363636,0.3197278911564626,0.546583850931677,0.5666666666666667,0.5116279069767442,0.5146103896103896,0.4868421052631579,0.5263157894736842,0.5597014925373134,0.5119047619047619,0.6079545454545454,0.4772727272727273,0.0869565217391304,0.1411764705882353,0.04,,0.3846153846153846,1.0,0.1111111111111111,0.7848101265822784,0.3472222222222222,0.8333333333333334,0.2065217391304347,0.8089171974522293,0.2682926829268293,0.4615384615384615,0.4137931034482758,0.0588235294117647,0.1666666666666666,0.3076923076923077,0.6451612903225806,0.8529411764705882,0.9285714285714286,0.85,0.7777777777777778,0.0273972602739726,97.04438240107828,0.5625,15.424501424501424,14.249283667621777,14.811965811965813,13.782234957020057,0.275974025974026,0.6941176470588235,0.8082191780821918,0.6271186440677966,0.1623376623376623,0.42,0.4375,0.3333333333333333,0.0844155844155844,0.3076923076923077,0.3076923076923077,0.5,0.1525974025974026,0.425531914893617,0.4545454545454545,1.0,0.3246753246753247,0.27,0.2755102040816326,0.925925925925926,0.5789473684210527,0.5,0.4545454545454545,0.0789473684210526,,,0.131578947368421,0.2,1.0,0.25,0.5789473684210527,0.1052631578947368,0.5,0.3289473684210526,0.32,0.7532467532467533,0.27,0.5263174836601305,0.5403870370370372,0.504303947368421,0.1036585365853658,0.1694915254237288,0.0264900662251655,0.1170212765957446,0.2845744680851064,6.260248447204968,25.76258503401361,0.282051282051282,True,5.0,,0.0340136054421768,0.0638297872340425,0.02,203506,1610612748,2022,2021-22,True,62.0,2.0,3.0,8.0,6.0,,9.0,2.0,,,
227873.0,3798.0,-370.0,7539.0,7544.0,1812.0,1792.0,806.0,15083.0,1126.0,1714.0,215.0,333.0,261.0,404.0,574.0,1300.0,226.0,573.0,313.0,841.0,23.0,80.0,60.0,188.0,704.0,2150.0,62.0,160.0,147.0,483.0,1926.0,3587.0,1017.0,2991.0,1378.0,8281.0,8651.0,284.0,493.0,85.0,240.0,176.0,999.0,426.0,790.0,207.0,671.0,529.0,2002.0,1948.0,1904.0,2523.0,528.0,340.0,,10.0,2140.0,704.0,226.0,974.0,841.0,1815.0,540.0,301.0,643.0,227.0,104.0,4471.0,408.0,492.0,25.0,1270.0,1247.0,145.0,2662.0,925.0,3587.0,109.0,572.0,400.0,172.0,581.0,137.0,381.0,582.0,53.0,200.0,59.0,1163.0,94.0,265.0,708.0,1602.0,1.0,92.0,105.0,1771.0,186.0,61.0,739.0,31.0,168.0,272.0,42.0,23.0,161.0,19.0,12.0,99.0,314.0,179.0,22.0,6.0,4.0,12.0,7282.0,1985.0,1801.0,136.0,0.505711318795431,0.5546697038724373,0.8269419862340216,0.3400200601805416,0.3541666666666667,0.30849478390462,0.341160684334116,0.5369389461945916,0.5760649087221096,0.5392405063291139,0.5247035573122529,0.5613915416098226,0.5041067761806981,0.5617064846416382,0.5899880810488677,0.5615819209039548,0.4546974764366068,0.063005296905492,0.0746791131855309,0.0707692307692307,0.0104712041884816,0.4995700773860705,0.9177215189873418,0.1351351351351351,0.6997755331088664,0.3003663003663003,0.7595693779904307,0.2129436325678496,0.7287203242617255,0.253235790658413,0.3842195540308747,0.2861111111111111,0.1850746268656716,0.2131616595135908,0.2123552123552123,0.6191275167785235,0.7195571955719557,0.7855227882037533,0.7547008547008547,0.7709163346613546,0.0329006942348324,95.31414428212206,0.5700636942675159,15.06977052659504,15.146076352067867,14.497811380819735,14.551033934252386,0.2605655214350866,0.6569428238039673,0.7099621689785625,0.5710479573712256,0.1976284584980237,0.4415384615384615,0.4751655629139072,0.3954703832752613,0.0871085436302827,0.3944153577661431,0.3985890652557319,0.4601769911504424,0.1278504104591061,0.3721759809750297,0.3784764207980653,0.9616613418530352,0.3268470659775007,0.3274418604651162,0.3283582089552239,0.7670454545454546,0.4542974079126876,0.6456456456456456,0.1627906976744186,0.1091405184174624,0.2875,0.8695652173913043,0.2182810368349249,0.3875,0.8225806451612904,0.2765229295003422,0.6460396039603961,0.1286789869952087,0.3191489361702128,0.3305954825462012,0.3043478260869565,0.7152629978716936,0.3289719626168224,0.5204848369399576,0.5388988172043011,0.5084399999999996,0.1075869777839877,0.1785024154589372,0.0102751077229035,0.1206376041540876,0.2417582417582417,6.811987733482018,25.60347709796053,0.240350179068842,False,20.0,5.0,0.0066867268472082,0.0166468489892984,0.0027906976744186,203506,1610612748,2022,2021-22,True,1615.0,141.0,43.0,92.0,140.0,,98.0,34.0,,,
66336.0,1106.0,35.0,2204.0,2198.0,542.0,597.0,214.0,4402.0,290.0,443.0,62.0,97.0,79.0,125.0,232.0,441.0,59.0,167.0,92.0,234.0,2.0,11.0,21.0,58.0,208.0,571.0,21.0,47.0,58.0,140.0,581.0,1051.0,300.0,805.0,459.0,2521.0,2486.0,76.0,132.0,23.0,58.0,43.0,264.0,130.0,237.0,79.0,198.0,160.0,657.0,634.0,528.0,747.0,153.0,90.0,1.0,4.0,566.0,207.0,51.0,317.0,249.0,566.0,159.0,90.0,171.0,121.0,25.0,1381.0,110.0,135.0,5.0,409.0,347.0,51.0,807.0,250.0,1057.0,33.0,172.0,119.0,53.0,205.0,47.0,123.0,160.0,18.0,82.0,27.0,365.0,31.0,86.0,252.0,452.0,2.0,38.0,20.0,580.0,60.0,13.0,244.0,19.0,46.0,66.0,9.0,6.0,34.0,3.0,2.0,30.0,75.0,35.0,5.0,,2.0,12.0,2257.0,649.0,537.0,35.0,0.5456110154905336,0.5914179104477612,0.83,0.3726708074534161,0.396551724137931,0.398989898989899,0.3732833957553059,0.5528068506184586,0.5757575757575758,0.5485232067510548,0.5554956896551724,0.5815789473684211,0.5712643678160919,0.5972882968601332,0.6059907834101382,0.6202651515151515,0.433728448275862,0.0485252140818268,0.0632054176072234,0.0453514739229024,0.0179640718562874,0.5616438356164384,0.9807692307692308,0.0909090909090909,0.6737864077669903,0.2960526315789473,0.7746212121212122,0.2249488752556237,0.7248322147651006,0.2592592592592592,0.42,0.2561576354679803,0.1941747572815534,0.2212643678160919,0.2340425531914893,0.5761589403973509,0.6866197183098591,0.8125,0.773936170212766,0.7763157894736842,0.0371621621621621,95.55716353111434,0.4666666666666667,14.779038112522686,15.360782529572338,14.31896551724138,14.700181983621476,0.2386853448275862,0.654627539503386,0.6987951807228916,0.5896551724137931,0.2376077586206896,0.5260770975056689,0.5510688836104513,0.521551724137931,0.089978448275862,0.3532934131736527,0.3597560975609756,0.423728813559322,0.1260775862068965,0.3931623931623931,0.396551724137931,0.9782608695652174,0.3076508620689655,0.3642732049036777,0.368141592920354,0.7644230769230769,0.5105263157894737,0.6391752577319587,0.2741935483870967,0.0578947368421052,0.1818181818181818,0.5,0.2473684210526315,0.4468085106382978,0.8095238095238095,0.2873563218390804,0.632,0.1333333333333333,0.3620689655172414,0.3218390804597701,0.4142857142857143,0.6724137931034483,0.3657243816254417,0.5135577567567567,0.528952564102564,0.5173534802784222,0.1279182879377431,0.1975708502024291,0.0231425091352009,0.1047203490678302,0.2606108687028957,7.123406279733585,25.73788819875777,0.2459165154264972,True,8.0,3.0,0.0099378881987577,0.0085470085470085,0.010507880910683,203506,1610612748,2023,2022-23,True,464.0,26.0,6.0,28.0,37.0,,20.0,5.0,,1.0,2.0
171402.0,2857.0,-6.0,5690.0,5698.0,1144.0,1268.0,596.0,11388.0,921.0,1307.0,175.0,236.0,155.0,237.0,532.0,1133.0,177.0,398.0,262.0,653.0,28.0,54.0,53.0,127.0,516.0,1477.0,35.0,123.0,94.0,310.0,1630.0,2838.0,778.0,2130.0,891.0,6485.0,6491.0,226.0,355.0,63.0,177.0,83.0,724.0,284.0,516.0,147.0,437.0,274.0,1283.0,1726.0,1534.0,2007.0,327.0,278.0,,10.0,1467.0,516.0,167.0,863.0,669.0,1532.0,414.0,255.0,532.0,249.0,82.0,3733.0,301.0,342.0,17.0,1016.0,942.0,89.0,2047.0,660.0,2707.0,110.0,399.0,282.0,117.0,450.0,123.0,287.0,473.0,35.0,163.0,75.0,923.0,86.0,168.0,580.0,1191.0,1.0,69.0,75.0,1148.0,144.0,29.0,522.0,21.0,81.0,213.0,23.0,15.0,126.0,8.0,8.0,79.0,236.0,127.0,14.0,1.0,3.0,12.0,5761.0,1268.0,1135.0,98.0,0.5294478527607362,0.5788061703554661,0.8598971722365039,0.3652582159624413,0.3559322033898305,0.3363844393592677,0.3669811320754716,0.5743481324876674,0.6366197183098592,0.5503875968992248,0.5630032206119162,0.6024436090225563,0.5293809024134313,0.5932047750229569,0.6204819277108434,0.573608617594255,0.428743961352657,0.0588442565186751,0.061973986228003,0.0644307149161518,0.0326633165829145,0.4875406283856988,0.898989898989899,0.1231884057971014,0.6926470588235294,0.285953177257525,0.7918939984411536,0.2301223241590214,0.7408248202799849,0.2567891373801917,0.3220779220779221,0.2998324958123953,0.1822429906542056,0.2266811279826464,0.238341968911917,0.6100917431192661,0.7057971014492753,0.8076923076923077,0.7898089171974523,0.7976539589442815,0.0473118279569892,95.67402947456856,0.538135593220339,14.885061511423553,15.216918216918216,14.347275922671352,14.627237627237628,0.2630837359098228,0.7046671767406274,0.7512234910277324,0.5776330076004343,0.2280595813204509,0.46954986760812,0.5018867924528302,0.4680451127819549,0.0801127214170692,0.4447236180904522,0.4597402597402597,0.4632768361581921,0.1314412238325281,0.4012251148545176,0.4049459041731066,0.9732824427480916,0.2973027375201288,0.3493568043331077,0.3519781718963165,0.8023255813953488,0.4436090225563909,0.7415254237288136,0.1828571428571428,0.1015037593984962,0.5185185185185185,0.8571428571428571,0.231203007518797,0.2845528455284553,0.7142857142857143,0.2486883525708289,0.6540084388185654,0.1332633788037775,0.4173228346456692,0.3252885624344176,0.3032258064516129,0.6918276972624798,0.3517382413087934,0.524022618086395,0.5323997041420119,0.5070078025477708,0.1010628379638262,0.1623134328358209,0.0093153237074988,0.1116422513492675,0.1978411719352351,6.603206483439046,25.631596244131448,0.2010544815465729,False,17.0,3.0,0.0079812206572769,0.009188361408882,0.0074475287745429,203506,1610612748,2023,2022-23,True,1052.0,84.0,22.0,71.0,62.0,,70.0,29.0,,1.0,5.0
66336.0,1106.0,35.0,2204.0,2198.0,542.0,597.0,214.0,4402.0,290.0,443.0,62.0,97.0,79.0,125.0,232.0,441.0,59.0,167.0,92.0,234.0,2.0,11.0,21.0,58.0,208.0,571.0,21.0,47.0,58.0,140.0,581.0,1051.0,300.0,805.0,459.0,2521.0,2486.0,76.0,132.0,23.0,58.0,43.0,264.0,130.0,237.0,79.0,198.0,160.0,657.0,634.0,528.0,747.0,153.0,90.0,1.0,4.0,566.0,207.0,51.0,317.0,249.0,566.0,159.0,90.0,171.0,121.0,25.0,1381.0,110.0,135.0,5.0,409.0,347.0,51.0,807.0,250.0,1057.0,33.0,172.0,119.0,53.0,205.0,47.0,123.0,160.0,18.0,82.0,27.0,365.0,31.0,86.0,252.0,452.0,2.0,38.0,20.0,580.0,60.0,13.0,244.0,19.0,46.0,66.0,9.0,6.0,34.0,3.0,2.0,30.0,75.0,35.0,5.0,,2.0,12.0,2257.0,649.0,537.0,35.0,0.5456110154905336,0.5914179104477612,0.83,0.3726708074534161,0.396551724137931,0.398989898989899,0.3732833957553059,0.5528068506184586,0.5757575757575758,0.5485232067510548,0.5554956896551724,0.5815789473684211,0.5712643678160919,0.5972882968601332,0.6059907834101382,0.6202651515151515,0.433728448275862,0.0485252140818268,0.0632054176072234,0.0453514739229024,0.0179640718562874,0.5616438356164384,0.9807692307692308,0.0909090909090909,0.6737864077669903,0.2960526315789473,0.7746212121212122,0.2249488752556237,0.7248322147651006,0.2592592592592592,0.42,0.2561576354679803,0.1941747572815534,0.2212643678160919,0.2340425531914893,0.5761589403973509,0.6866197183098591,0.8125,0.773936170212766,0.7763157894736842,0.0371621621621621,95.55716353111434,0.4666666666666667,14.779038112522686,15.360782529572338,14.31896551724138,14.700181983621476,0.2386853448275862,0.654627539503386,0.6987951807228916,0.5896551724137931,0.2376077586206896,0.5260770975056689,0.5510688836104513,0.521551724137931,0.089978448275862,0.3532934131736527,0.3597560975609756,0.423728813559322,0.1260775862068965,0.3931623931623931,0.396551724137931,0.9782608695652174,0.3076508620689655,0.3642732049036777,0.368141592920354,0.7644230769230769,0.5105263157894737,0.6391752577319587,0.2741935483870967,0.0578947368421052,0.1818181818181818,0.5,0.2473684210526315,0.4468085106382978,0.8095238095238095,0.2873563218390804,0.632,0.1333333333333333,0.3620689655172414,0.3218390804597701,0.4142857142857143,0.6724137931034483,0.3657243816254417,0.5135577567567567,0.528952564102564,0.5173534802784222,0.1279182879377431,0.1975708502024291,0.0231425091352009,0.1047203490678302,0.2606108687028957,7.123406279733585,25.73788819875777,0.2459165154264972,True,8.0,3.0,0.0099378881987577,0.0085470085470085,0.010507880910683,203506,1610612748,2023,2022-23,True,464.0,26.0,6.0,28.0,37.0,,20.0,5.0,,1.0,2.0
171402.0,2857.0,-6.0,5690.0,5698.0,1144.0,1268.0,596.0,11388.0,921.0,1307.0,175.0,236.0,155.0,237.0,532.0,1133.0,177.0,398.0,262.0,653.0,28.0,54.0,53.0,127.0,516.0,1477.0,35.0,123.0,94.0,310.0,1630.0,2838.0,778.0,2130.0,891.0,6485.0,6491.0,226.0,355.0,63.0,177.0,83.0,724.0,284.0,516.0,147.0,437.0,274.0,1283.0,1726.0,1534.0,2007.0,327.0,278.0,,10.0,1467.0,516.0,167.0,863.0,669.0,1532.0,414.0,255.0,532.0,249.0,82.0,3733.0,301.0,342.0,17.0,1016.0,942.0,89.0,2047.0,660.0,2707.0,110.0,399.0,282.0,117.0,450.0,123.0,287.0,473.0,35.0,163.0,75.0,923.0,86.0,168.0,580.0,1191.0,1.0,69.0,75.0,1148.0,144.0,29.0,522.0,21.0,81.0,213.0,23.0,15.0,126.0,8.0,8.0,79.0,236.0,127.0,14.0,1.0,3.0,12.0,5761.0,1268.0,1135.0,98.0,0.5294478527607362,0.5788061703554661,0.8598971722365039,0.3652582159624413,0.3559322033898305,0.3363844393592677,0.3669811320754716,0.5743481324876674,0.6366197183098592,0.5503875968992248,0.5630032206119162,0.6024436090225563,0.5293809024134313,0.5932047750229569,0.6204819277108434,0.573608617594255,0.428743961352657,0.0588442565186751,0.061973986228003,0.0644307149161518,0.0326633165829145,0.4875406283856988,0.898989898989899,0.1231884057971014,0.6926470588235294,0.285953177257525,0.7918939984411536,0.2301223241590214,0.7408248202799849,0.2567891373801917,0.3220779220779221,0.2998324958123953,0.1822429906542056,0.2266811279826464,0.238341968911917,0.6100917431192661,0.7057971014492753,0.8076923076923077,0.7898089171974523,0.7976539589442815,0.0473118279569892,95.67402947456856,0.538135593220339,14.885061511423553,15.216918216918216,14.347275922671352,14.627237627237628,0.2630837359098228,0.7046671767406274,0.7512234910277324,0.5776330076004343,0.2280595813204509,0.46954986760812,0.5018867924528302,0.4680451127819549,0.0801127214170692,0.4447236180904522,0.4597402597402597,0.4632768361581921,0.1314412238325281,0.4012251148545176,0.4049459041731066,0.9732824427480916,0.2973027375201288,0.3493568043331077,0.3519781718963165,0.8023255813953488,0.4436090225563909,0.7415254237288136,0.1828571428571428,0.1015037593984962,0.5185185185185185,0.8571428571428571,0.231203007518797,0.2845528455284553,0.7142857142857143,0.2486883525708289,0.6540084388185654,0.1332633788037775,0.4173228346456692,0.3252885624344176,0.3032258064516129,0.6918276972624798,0.3517382413087934,0.524022618086395,0.5323997041420119,0.5070078025477708,0.1010628379638262,0.1623134328358209,0.0093153237074988,0.1116422513492675,0.1978411719352351,6.603206483439046,25.631596244131448,0.2010544815465729,False,17.0,3.0,0.0079812206572769,0.009188361408882,0.0074475287745429,203506,1610612748,2023,2022-23,True,1052.0,84.0,22.0,71.0,62.0,,70.0,29.0,,1.0,5.0
66336.0,1106.0,35.0,2204.0,2198.0,542.0,597.0,214.0,4402.0,290.0,443.0,62.0,97.0,79.0,125.0,232.0,441.0,59.0,167.0,92.0,234.0,2.0,11.0,21.0,58.0,208.0,571.0,21.0,47.0,58.0,140.0,581.0,1051.0,300.0,805.0,459.0,2521.0,2486.0,76.0,132.0,23.0,58.0,43.0,264.0,130.0,237.0,79.0,198.0,160.0,657.0,634.0,528.0,747.0,153.0,90.0,1.0,4.0,566.0,207.0,51.0,317.0,249.0,566.0,159.0,90.0,171.0,121.0,25.0,1381.0,110.0,135.0,5.0,409.0,347.0,51.0,807.0,250.0,1057.0,33.0,172.0,119.0,53.0,205.0,47.0,123.0,160.0,18.0,82.0,27.0,365.0,31.0,86.0,252.0,452.0,2.0,38.0,20.0,580.0,60.0,13.0,244.0,19.0,46.0,66.0,9.0,6.0,34.0,3.0,2.0,30.0,75.0,35.0,5.0,,2.0,12.0,2257.0,649.0,537.0,35.0,0.5456110154905336,0.5914179104477612,0.83,0.3726708074534161,0.396551724137931,0.398989898989899,0.3732833957553059,0.5528068506184586,0.5757575757575758,0.5485232067510548,0.5554956896551724,0.5815789473684211,0.5712643678160919,0.5972882968601332,0.6059907834101382,0.6202651515151515,0.433728448275862,0.0485252140818268,0.0632054176072234,0.0453514739229024,0.0179640718562874,0.5616438356164384,0.9807692307692308,0.0909090909090909,0.6737864077669903,0.2960526315789473,0.7746212121212122,0.2249488752556237,0.7248322147651006,0.2592592592592592,0.42,0.2561576354679803,0.1941747572815534,0.2212643678160919,0.2340425531914893,0.5761589403973509,0.6866197183098591,0.8125,0.773936170212766,0.7763157894736842,0.0371621621621621,95.55716353111434,0.4666666666666667,14.779038112522686,15.360782529572338,14.31896551724138,14.700181983621476,0.2386853448275862,0.654627539503386,0.6987951807228916,0.5896551724137931,0.2376077586206896,0.5260770975056689,0.5510688836104513,0.521551724137931,0.089978448275862,0.3532934131736527,0.3597560975609756,0.423728813559322,0.1260775862068965,0.3931623931623931,0.396551724137931,0.9782608695652174,0.3076508620689655,0.3642732049036777,0.368141592920354,0.7644230769230769,0.5105263157894737,0.6391752577319587,0.2741935483870967,0.0578947368421052,0.1818181818181818,0.5,0.2473684210526315,0.4468085106382978,0.8095238095238095,0.2873563218390804,0.632,0.1333333333333333,0.3620689655172414,0.3218390804597701,0.4142857142857143,0.6724137931034483,0.3657243816254417,0.5135577567567567,0.528952564102564,0.5173534802784222,0.1279182879377431,0.1975708502024291,0.0231425091352009,0.1047203490678302,0.2606108687028957,7.123406279733585,25.73788819875777,0.2459165154264972,True,8.0,3.0,0.0099378881987577,0.0085470085470085,0.010507880910683,203506,1610612748,2023,2022-23,True,464.0,26.0,6.0,28.0,37.0,,20.0,5.0,,1.0,2.0
171402.0,2857.0,-6.0,5690.0,5698.0,1144.0,1268.0,596.0,11388.0,921.0,1307.0,175.0,236.0,155.0,237.0,532.0,1133.0,177.0,398.0,262.0,653.0,28.0,54.0,53.0,127.0,516.0,1477.0,35.0,123.0,94.0,310.0,1630.0,2838.0,778.0,2130.0,891.0,6485.0,6491.0,226.0,355.0,63.0,177.0,83.0,724.0,284.0,516.0,147.0,437.0,274.0,1283.0,1726.0,1534.0,2007.0,327.0,278.0,,10.0,1467.0,516.0,167.0,863.0,669.0,1532.0,414.0,255.0,532.0,249.0,82.0,3733.0,301.0,342.0,17.0,1016.0,942.0,89.0,2047.0,660.0,2707.0,110.0,399.0,282.0,117.0,450.0,123.0,287.0,473.0,35.0,163.0,75.0,923.0,86.0,168.0,580.0,1191.0,1.0,69.0,75.0,1148.0,144.0,29.0,522.0,21.0,81.0,213.0,23.0,15.0,126.0,8.0,8.0,79.0,236.0,127.0,14.0,1.0,3.0,12.0,5761.0,1268.0,1135.0,98.0,0.5294478527607362,0.5788061703554661,0.8598971722365039,0.3652582159624413,0.3559322033898305,0.3363844393592677,0.3669811320754716,0.5743481324876674,0.6366197183098592,0.5503875968992248,0.5630032206119162,0.6024436090225563,0.5293809024134313,0.5932047750229569,0.6204819277108434,0.573608617594255,0.428743961352657,0.0588442565186751,0.061973986228003,0.0644307149161518,0.0326633165829145,0.4875406283856988,0.898989898989899,0.1231884057971014,0.6926470588235294,0.285953177257525,0.7918939984411536,0.2301223241590214,0.7408248202799849,0.2567891373801917,0.3220779220779221,0.2998324958123953,0.1822429906542056,0.2266811279826464,0.238341968911917,0.6100917431192661,0.7057971014492753,0.8076923076923077,0.7898089171974523,0.7976539589442815,0.0473118279569892,95.67402947456856,0.538135593220339,14.885061511423553,15.216918216918216,14.347275922671352,14.627237627237628,0.2630837359098228,0.7046671767406274,0.7512234910277324,0.5776330076004343,0.2280595813204509,0.46954986760812,0.5018867924528302,0.4680451127819549,0.0801127214170692,0.4447236180904522,0.4597402597402597,0.4632768361581921,0.1314412238325281,0.4012251148545176,0.4049459041731066,0.9732824427480916,0.2973027375201288,0.3493568043331077,0.3519781718963165,0.8023255813953488,0.4436090225563909,0.7415254237288136,0.1828571428571428,0.1015037593984962,0.5185185185185185,0.8571428571428571,0.231203007518797,0.2845528455284553,0.7142857142857143,0.2486883525708289,0.6540084388185654,0.1332633788037775,0.4173228346456692,0.3252885624344176,0.3032258064516129,0.6918276972624798,0.3517382413087934,0.524022618086395,0.5323997041420119,0.5070078025477708,0.1010628379638262,0.1623134328358209,0.0093153237074988,0.1116422513492675,0.1978411719352351,6.603206483439046,25.631596244131448,0.2010544815465729,False,17.0,3.0,0.0079812206572769,0.009188361408882,0.0074475287745429,203506,1610612748,2023,2022-23,True,1052.0,84.0,22.0,71.0,62.0,,70.0,29.0,,1.0,5.0
66336.0,1106.0,35.0,2204.0,2198.0,542.0,597.0,214.0,4402.0,290.0,443.0,62.0,97.0,79.0,125.0,232.0,441.0,59.0,167.0,92.0,234.0,2.0,11.0,21.0,58.0,208.0,571.0,21.0,47.0,58.0,140.0,581.0,1051.0,300.0,805.0,459.0,2521.0,2486.0,76.0,132.0,23.0,58.0,43.0,264.0,130.0,237.0,79.0,198.0,160.0,657.0,634.0,528.0,747.0,153.0,90.0,1.0,4.0,566.0,207.0,51.0,317.0,249.0,566.0,159.0,90.0,171.0,121.0,25.0,1381.0,110.0,135.0,5.0,409.0,347.0,51.0,807.0,250.0,1057.0,33.0,172.0,119.0,53.0,205.0,47.0,123.0,160.0,18.0,82.0,27.0,365.0,31.0,86.0,252.0,452.0,2.0,38.0,20.0,580.0,60.0,13.0,244.0,19.0,46.0,66.0,9.0,6.0,34.0,3.0,2.0,30.0,75.0,35.0,5.0,,2.0,12.0,2257.0,649.0,537.0,35.0,0.5456110154905336,0.5914179104477612,0.83,0.3726708074534161,0.396551724137931,0.398989898989899,0.3732833957553059,0.5528068506184586,0.5757575757575758,0.5485232067510548,0.5554956896551724,0.5815789473684211,0.5712643678160919,0.5972882968601332,0.6059907834101382,0.6202651515151515,0.433728448275862,0.0485252140818268,0.0632054176072234,0.0453514739229024,0.0179640718562874,0.5616438356164384,0.9807692307692308,0.0909090909090909,0.6737864077669903,0.2960526315789473,0.7746212121212122,0.2249488752556237,0.7248322147651006,0.2592592592592592,0.42,0.2561576354679803,0.1941747572815534,0.2212643678160919,0.2340425531914893,0.5761589403973509,0.6866197183098591,0.8125,0.773936170212766,0.7763157894736842,0.0371621621621621,95.55716353111434,0.4666666666666667,14.779038112522686,15.360782529572338,14.31896551724138,14.700181983621476,0.2386853448275862,0.654627539503386,0.6987951807228916,0.5896551724137931,0.2376077586206896,0.5260770975056689,0.5510688836104513,0.521551724137931,0.089978448275862,0.3532934131736527,0.3597560975609756,0.423728813559322,0.1260775862068965,0.3931623931623931,0.396551724137931,0.9782608695652174,0.3076508620689655,0.3642732049036777,0.368141592920354,0.7644230769230769,0.5105263157894737,0.6391752577319587,0.2741935483870967,0.0578947368421052,0.1818181818181818,0.5,0.2473684210526315,0.4468085106382978,0.8095238095238095,0.2873563218390804,0.632,0.1333333333333333,0.3620689655172414,0.3218390804597701,0.4142857142857143,0.6724137931034483,0.3657243816254417,0.5135577567567567,0.528952564102564,0.5173534802784222,0.1279182879377431,0.1975708502024291,0.0231425091352009,0.1047203490678302,0.2606108687028957,7.123406279733585,25.73788819875777,0.2459165154264972,True,8.0,3.0,0.0099378881987577,0.0085470085470085,0.010507880910683,203506,1610612748,2023,2022-23,True,464.0,26.0,6.0,28.0,37.0,,20.0,5.0,,1.0,2.0
171402.0,2857.0,-6.0,5690.0,5698.0,1144.0,1268.0,596.0,11388.0,921.0,1307.0,175.0,236.0,155.0,237.0,532.0,1133.0,177.0,398.0,262.0,653.0,28.0,54.0,53.0,127.0,516.0,1477.0,35.0,123.0,94.0,310.0,1630.0,2838.0,778.0,2130.0,891.0,6485.0,6491.0,226.0,355.0,63.0,177.0,83.0,724.0,284.0,516.0,147.0,437.0,274.0,1283.0,1726.0,1534.0,2007.0,327.0,278.0,,10.0,1467.0,516.0,167.0,863.0,669.0,1532.0,414.0,255.0,532.0,249.0,82.0,3733.0,301.0,342.0,17.0,1016.0,942.0,89.0,2047.0,660.0,2707.0,110.0,399.0,282.0,117.0,450.0,123.0,287.0,473.0,35.0,163.0,75.0,923.0,86.0,168.0,580.0,1191.0,1.0,69.0,75.0,1148.0,144.0,29.0,522.0,21.0,81.0,213.0,23.0,15.0,126.0,8.0,8.0,79.0,236.0,127.0,14.0,1.0,3.0,12.0,5761.0,1268.0,1135.0,98.0,0.5294478527607362,0.5788061703554661,0.8598971722365039,0.3652582159624413,0.3559322033898305,0.3363844393592677,0.3669811320754716,0.5743481324876674,0.6366197183098592,0.5503875968992248,0.5630032206119162,0.6024436090225563,0.5293809024134313,0.5932047750229569,0.6204819277108434,0.573608617594255,0.428743961352657,0.0588442565186751,0.061973986228003,0.0644307149161518,0.0326633165829145,0.4875406283856988,0.898989898989899,0.1231884057971014,0.6926470588235294,0.285953177257525,0.7918939984411536,0.2301223241590214,0.7408248202799849,0.2567891373801917,0.3220779220779221,0.2998324958123953,0.1822429906542056,0.2266811279826464,0.238341968911917,0.6100917431192661,0.7057971014492753,0.8076923076923077,0.7898089171974523,0.7976539589442815,0.0473118279569892,95.67402947456856,0.538135593220339,14.885061511423553,15.216918216918216,14.347275922671352,14.627237627237628,0.2630837359098228,0.7046671767406274,0.7512234910277324,0.5776330076004343,0.2280595813204509,0.46954986760812,0.5018867924528302,0.4680451127819549,0.0801127214170692,0.4447236180904522,0.4597402597402597,0.4632768361581921,0.1314412238325281,0.4012251148545176,0.4049459041731066,0.9732824427480916,0.2973027375201288,0.3493568043331077,0.3519781718963165,0.8023255813953488,0.4436090225563909,0.7415254237288136,0.1828571428571428,0.1015037593984962,0.5185185185185185,0.8571428571428571,0.231203007518797,0.2845528455284553,0.7142857142857143,0.2486883525708289,0.6540084388185654,0.1332633788037775,0.4173228346456692,0.3252885624344176,0.3032258064516129,0.6918276972624798,0.3517382413087934,0.524022618086395,0.5323997041420119,0.5070078025477708,0.1010628379638262,0.1623134328358209,0.0093153237074988,0.1116422513492675,0.1978411719352351,6.603206483439046,25.631596244131448,0.2010544815465729,False,17.0,3.0,0.0079812206572769,0.009188361408882,0.0074475287745429,203506,1610612748,2023,2022-23,True,1052.0,84.0,22.0,71.0,62.0,,70.0,29.0,,1.0,5.0
66336.0,1106.0,35.0,2204.0,2198.0,542.0,597.0,214.0,4402.0,290.0,443.0,62.0,97.0,79.0,125.0,232.0,441.0,59.0,167.0,92.0,234.0,2.0,11.0,21.0,58.0,208.0,571.0,21.0,47.0,58.0,140.0,581.0,1051.0,300.0,805.0,459.0,2521.0,2486.0,76.0,132.0,23.0,58.0,43.0,264.0,130.0,237.0,79.0,198.0,160.0,657.0,634.0,528.0,747.0,153.0,90.0,1.0,4.0,566.0,207.0,51.0,317.0,249.0,566.0,159.0,90.0,171.0,121.0,25.0,1381.0,110.0,135.0,5.0,409.0,347.0,51.0,807.0,250.0,1057.0,33.0,172.0,119.0,53.0,205.0,47.0,123.0,160.0,18.0,82.0,27.0,365.0,31.0,86.0,252.0,452.0,2.0,38.0,20.0,580.0,60.0,13.0,244.0,19.0,46.0,66.0,9.0,6.0,34.0,3.0,2.0,30.0,75.0,35.0,5.0,,2.0,12.0,2257.0,649.0,537.0,35.0,0.5456110154905336,0.5914179104477612,0.83,0.3726708074534161,0.396551724137931,0.398989898989899,0.3732833957553059,0.5528068506184586,0.5757575757575758,0.5485232067510548,0.5554956896551724,0.5815789473684211,0.5712643678160919,0.5972882968601332,0.6059907834101382,0.6202651515151515,0.433728448275862,0.0485252140818268,0.0632054176072234,0.0453514739229024,0.0179640718562874,0.5616438356164384,0.9807692307692308,0.0909090909090909,0.6737864077669903,0.2960526315789473,0.7746212121212122,0.2249488752556237,0.7248322147651006,0.2592592592592592,0.42,0.2561576354679803,0.1941747572815534,0.2212643678160919,0.2340425531914893,0.5761589403973509,0.6866197183098591,0.8125,0.773936170212766,0.7763157894736842,0.0371621621621621,95.55716353111434,0.4666666666666667,14.779038112522686,15.360782529572338,14.31896551724138,14.700181983621476,0.2386853448275862,0.654627539503386,0.6987951807228916,0.5896551724137931,0.2376077586206896,0.5260770975056689,0.5510688836104513,0.521551724137931,0.089978448275862,0.3532934131736527,0.3597560975609756,0.423728813559322,0.1260775862068965,0.3931623931623931,0.396551724137931,0.9782608695652174,0.3076508620689655,0.3642732049036777,0.368141592920354,0.7644230769230769,0.5105263157894737,0.6391752577319587,0.2741935483870967,0.0578947368421052,0.1818181818181818,0.5,0.2473684210526315,0.4468085106382978,0.8095238095238095,0.2873563218390804,0.632,0.1333333333333333,0.3620689655172414,0.3218390804597701,0.4142857142857143,0.6724137931034483,0.3657243816254417,0.5135577567567567,0.528952564102564,0.5173534802784222,0.1279182879377431,0.1975708502024291,0.0231425091352009,0.1047203490678302,0.2606108687028957,7.123406279733585,25.73788819875777,0.2459165154264972,True,8.0,3.0,0.0099378881987577,0.0085470085470085,0.010507880910683,203506,1610612748,2023,2022-23,True,464.0,26.0,6.0,28.0,37.0,,20.0,5.0,,1.0,2.0
171402.0,2857.0,-6.0,5690.0,5698.0,1144.0,1268.0,596.0,11388.0,921.0,1307.0,175.0,236.0,155.0,237.0,532.0,1133.0,177.0,398.0,262.0,653.0,28.0,54.0,53.0,127.0,516.0,1477.0,35.0,123.0,94.0,310.0,1630.0,2838.0,778.0,2130.0,891.0,6485.0,6491.0,226.0,355.0,63.0,177.0,83.0,724.0,284.0,516.0,147.0,437.0,274.0,1283.0,1726.0,1534.0,2007.0,327.0,278.0,,10.0,1467.0,516.0,167.0,863.0,669.0,1532.0,414.0,255.0,532.0,249.0,82.0,3733.0,301.0,342.0,17.0,1016.0,942.0,89.0,2047.0,660.0,2707.0,110.0,399.0,282.0,117.0,450.0,123.0,287.0,473.0,35.0,163.0,75.0,923.0,86.0,168.0,580.0,1191.0,1.0,69.0,75.0,1148.0,144.0,29.0,522.0,21.0,81.0,213.0,23.0,15.0,126.0,8.0,8.0,79.0,236.0,127.0,14.0,1.0,3.0,12.0,5761.0,1268.0,1135.0,98.0,0.5294478527607362,0.5788061703554661,0.8598971722365039,0.3652582159624413,0.3559322033898305,0.3363844393592677,0.3669811320754716,0.5743481324876674,0.6366197183098592,0.5503875968992248,0.5630032206119162,0.6024436090225563,0.5293809024134313,0.5932047750229569,0.6204819277108434,0.573608617594255,0.428743961352657,0.0588442565186751,0.061973986228003,0.0644307149161518,0.0326633165829145,0.4875406283856988,0.898989898989899,0.1231884057971014,0.6926470588235294,0.285953177257525,0.7918939984411536,0.2301223241590214,0.7408248202799849,0.2567891373801917,0.3220779220779221,0.2998324958123953,0.1822429906542056,0.2266811279826464,0.238341968911917,0.6100917431192661,0.7057971014492753,0.8076923076923077,0.7898089171974523,0.7976539589442815,0.0473118279569892,95.67402947456856,0.538135593220339,14.885061511423553,15.216918216918216,14.347275922671352,14.627237627237628,0.2630837359098228,0.7046671767406274,0.7512234910277324,0.5776330076004343,0.2280595813204509,0.46954986760812,0.5018867924528302,0.4680451127819549,0.0801127214170692,0.4447236180904522,0.4597402597402597,0.4632768361581921,0.1314412238325281,0.4012251148545176,0.4049459041731066,0.9732824427480916,0.2973027375201288,0.3493568043331077,0.3519781718963165,0.8023255813953488,0.4436090225563909,0.7415254237288136,0.1828571428571428,0.1015037593984962,0.5185185185185185,0.8571428571428571,0.231203007518797,0.2845528455284553,0.7142857142857143,0.2486883525708289,0.6540084388185654,0.1332633788037775,0.4173228346456692,0.3252885624344176,0.3032258064516129,0.6918276972624798,0.3517382413087934,0.524022618086395,0.5323997041420119,0.5070078025477708,0.1010628379638262,0.1623134328358209,0.0093153237074988,0.1116422513492675,0.1978411719352351,6.603206483439046,25.631596244131448,0.2010544815465729,False,17.0,3.0,0.0079812206572769,0.009188361408882,0.0074475287745429,203506,1610612748,2023,2022-23,True,1052.0,84.0,22.0,71.0,62.0,,70.0,29.0,,1.0,5.0
66336.0,1106.0,35.0,2204.0,2198.0,542.0,597.0,214.0,4402.0,290.0,443.0,62.0,97.0,79.0,125.0,232.0,441.0,59.0,167.0,92.0,234.0,2.0,11.0,21.0,58.0,208.0,571.0,21.0,47.0,58.0,140.0,581.0,1051.0,300.0,805.0,459.0,2521.0,2486.0,76.0,132.0,23.0,58.0,43.0,264.0,130.0,237.0,79.0,198.0,160.0,657.0,634.0,528.0,747.0,153.0,90.0,1.0,4.0,566.0,207.0,51.0,317.0,249.0,566.0,159.0,90.0,171.0,121.0,25.0,1381.0,110.0,135.0,5.0,409.0,347.0,51.0,807.0,250.0,1057.0,33.0,172.0,119.0,53.0,205.0,47.0,123.0,160.0,18.0,82.0,27.0,365.0,31.0,86.0,252.0,452.0,2.0,38.0,20.0,580.0,60.0,13.0,244.0,19.0,46.0,66.0,9.0,6.0,34.0,3.0,2.0,30.0,75.0,35.0,5.0,,2.0,12.0,2257.0,649.0,537.0,35.0,0.5456110154905336,0.5914179104477612,0.83,0.3726708074534161,0.396551724137931,0.398989898989899,0.3732833957553059,0.5528068506184586,0.5757575757575758,0.5485232067510548,0.5554956896551724,0.5815789473684211,0.5712643678160919,0.5972882968601332,0.6059907834101382,0.6202651515151515,0.433728448275862,0.0485252140818268,0.0632054176072234,0.0453514739229024,0.0179640718562874,0.5616438356164384,0.9807692307692308,0.0909090909090909,0.6737864077669903,0.2960526315789473,0.7746212121212122,0.2249488752556237,0.7248322147651006,0.2592592592592592,0.42,0.2561576354679803,0.1941747572815534,0.2212643678160919,0.2340425531914893,0.5761589403973509,0.6866197183098591,0.8125,0.773936170212766,0.7763157894736842,0.0371621621621621,95.55716353111434,0.4666666666666667,14.779038112522686,15.360782529572338,14.31896551724138,14.700181983621476,0.2386853448275862,0.654627539503386,0.6987951807228916,0.5896551724137931,0.2376077586206896,0.5260770975056689,0.5510688836104513,0.521551724137931,0.089978448275862,0.3532934131736527,0.3597560975609756,0.423728813559322,0.1260775862068965,0.3931623931623931,0.396551724137931,0.9782608695652174,0.3076508620689655,0.3642732049036777,0.368141592920354,0.7644230769230769,0.5105263157894737,0.6391752577319587,0.2741935483870967,0.0578947368421052,0.1818181818181818,0.5,0.2473684210526315,0.4468085106382978,0.8095238095238095,0.2873563218390804,0.632,0.1333333333333333,0.3620689655172414,0.3218390804597701,0.4142857142857143,0.6724137931034483,0.3657243816254417,0.5135577567567567,0.528952564102564,0.5173534802784222,0.1279182879377431,0.1975708502024291,0.0231425091352009,0.1047203490678302,0.2606108687028957,7.123406279733585,25.73788819875777,0.2459165154264972,True,8.0,3.0,0.0099378881987577,0.0085470085470085,0.010507880910683,203506,1610612748,2023,2022-23,True,464.0,26.0,6.0,28.0,37.0,,20.0,5.0,,1.0,2.0
171402.0,2857.0,-6.0,5690.0,5698.0,1144.0,1268.0,596.0,11388.0,921.0,1307.0,175.0,236.0,155.0,237.0,532.0,1133.0,177.0,398.0,262.0,653.0,28.0,54.0,53.0,127.0,516.0,1477.0,35.0,123.0,94.0,310.0,1630.0,2838.0,778.0,2130.0,891.0,6485.0,6491.0,226.0,355.0,63.0,177.0,83.0,724.0,284.0,516.0,147.0,437.0,274.0,1283.0,1726.0,1534.0,2007.0,327.0,278.0,,10.0,1467.0,516.0,167.0,863.0,669.0,1532.0,414.0,255.0,532.0,249.0,82.0,3733.0,301.0,342.0,17.0,1016.0,942.0,89.0,2047.0,660.0,2707.0,110.0,399.0,282.0,117.0,450.0,123.0,287.0,473.0,35.0,163.0,75.0,923.0,86.0,168.0,580.0,1191.0,1.0,69.0,75.0,1148.0,144.0,29.0,522.0,21.0,81.0,213.0,23.0,15.0,126.0,8.0,8.0,79.0,236.0,127.0,14.0,1.0,3.0,12.0,5761.0,1268.0,1135.0,98.0,0.5294478527607362,0.5788061703554661,0.8598971722365039,0.3652582159624413,0.3559322033898305,0.3363844393592677,0.3669811320754716,0.5743481324876674,0.6366197183098592,0.5503875968992248,0.5630032206119162,0.6024436090225563,0.5293809024134313,0.5932047750229569,0.6204819277108434,0.573608617594255,0.428743961352657,0.0588442565186751,0.061973986228003,0.0644307149161518,0.0326633165829145,0.4875406283856988,0.898989898989899,0.1231884057971014,0.6926470588235294,0.285953177257525,0.7918939984411536,0.2301223241590214,0.7408248202799849,0.2567891373801917,0.3220779220779221,0.2998324958123953,0.1822429906542056,0.2266811279826464,0.238341968911917,0.6100917431192661,0.7057971014492753,0.8076923076923077,0.7898089171974523,0.7976539589442815,0.0473118279569892,95.67402947456856,0.538135593220339,14.885061511423553,15.216918216918216,14.347275922671352,14.627237627237628,0.2630837359098228,0.7046671767406274,0.7512234910277324,0.5776330076004343,0.2280595813204509,0.46954986760812,0.5018867924528302,0.4680451127819549,0.0801127214170692,0.4447236180904522,0.4597402597402597,0.4632768361581921,0.1314412238325281,0.4012251148545176,0.4049459041731066,0.9732824427480916,0.2973027375201288,0.3493568043331077,0.3519781718963165,0.8023255813953488,0.4436090225563909,0.7415254237288136,0.1828571428571428,0.1015037593984962,0.5185185185185185,0.8571428571428571,0.231203007518797,0.2845528455284553,0.7142857142857143,0.2486883525708289,0.6540084388185654,0.1332633788037775,0.4173228346456692,0.3252885624344176,0.3032258064516129,0.6918276972624798,0.3517382413087934,0.524022618086395,0.5323997041420119,0.5070078025477708,0.1010628379638262,0.1623134328358209,0.0093153237074988,0.1116422513492675,0.1978411719352351,6.603206483439046,25.631596244131448,0.2010544815465729,False,17.0,3.0,0.0079812206572769,0.009188361408882,0.0074475287745429,203506,1610612748,2023,2022-23,True,1052.0,84.0,22.0,71.0,62.0,,70.0,29.0,,1.0,5.0
66336.0,1106.0,35.0,2204.0,2198.0,542.0,597.0,214.0,4402.0,290.0,443.0,62.0,97.0,79.0,125.0,232.0,441.0,59.0,167.0,92.0,234.0,2.0,11.0,21.0,58.0,208.0,571.0,21.0,47.0,58.0,140.0,581.0,1051.0,300.0,805.0,459.0,2521.0,2486.0,76.0,132.0,23.0,58.0,43.0,264.0,130.0,237.0,79.0,198.0,160.0,657.0,634.0,528.0,747.0,153.0,90.0,1.0,4.0,566.0,207.0,51.0,317.0,249.0,566.0,159.0,90.0,171.0,121.0,25.0,1381.0,110.0,135.0,5.0,409.0,347.0,51.0,807.0,250.0,1057.0,33.0,172.0,119.0,53.0,205.0,47.0,123.0,160.0,18.0,82.0,27.0,365.0,31.0,86.0,252.0,452.0,2.0,38.0,20.0,580.0,60.0,13.0,244.0,19.0,46.0,66.0,9.0,6.0,34.0,3.0,2.0,30.0,75.0,35.0,5.0,,2.0,12.0,2257.0,649.0,537.0,35.0,0.5456110154905336,0.5914179104477612,0.83,0.3726708074534161,0.396551724137931,0.398989898989899,0.3732833957553059,0.5528068506184586,0.5757575757575758,0.5485232067510548,0.5554956896551724,0.5815789473684211,0.5712643678160919,0.5972882968601332,0.6059907834101382,0.6202651515151515,0.433728448275862,0.0485252140818268,0.0632054176072234,0.0453514739229024,0.0179640718562874,0.5616438356164384,0.9807692307692308,0.0909090909090909,0.6737864077669903,0.2960526315789473,0.7746212121212122,0.2249488752556237,0.7248322147651006,0.2592592592592592,0.42,0.2561576354679803,0.1941747572815534,0.2212643678160919,0.2340425531914893,0.5761589403973509,0.6866197183098591,0.8125,0.773936170212766,0.7763157894736842,0.0371621621621621,95.55716353111434,0.4666666666666667,14.779038112522686,15.360782529572338,14.31896551724138,14.700181983621476,0.2386853448275862,0.654627539503386,0.6987951807228916,0.5896551724137931,0.2376077586206896,0.5260770975056689,0.5510688836104513,0.521551724137931,0.089978448275862,0.3532934131736527,0.3597560975609756,0.423728813559322,0.1260775862068965,0.3931623931623931,0.396551724137931,0.9782608695652174,0.3076508620689655,0.3642732049036777,0.368141592920354,0.7644230769230769,0.5105263157894737,0.6391752577319587,0.2741935483870967,0.0578947368421052,0.1818181818181818,0.5,0.2473684210526315,0.4468085106382978,0.8095238095238095,0.2873563218390804,0.632,0.1333333333333333,0.3620689655172414,0.3218390804597701,0.4142857142857143,0.6724137931034483,0.3657243816254417,0.5135577567567567,0.528952564102564,0.5173534802784222,0.1279182879377431,0.1975708502024291,0.0231425091352009,0.1047203490678302,0.2606108687028957,7.123406279733585,25.73788819875777,0.2459165154264972,True,8.0,3.0,0.0099378881987577,0.0085470085470085,0.010507880910683,203506,1610612748,2023,2022-23,True,464.0,26.0,6.0,28.0,37.0,,20.0,5.0,,1.0,2.0
171402.0,2857.0,-6.0,5690.0,5698.0,1144.0,1268.0,596.0,11388.0,921.0,1307.0,175.0,236.0,155.0,237.0,532.0,1133.0,177.0,398.0,262.0,653.0,28.0,54.0,53.0,127.0,516.0,1477.0,35.0,123.0,94.0,310.0,1630.0,2838.0,778.0,2130.0,891.0,6485.0,6491.0,226.0,355.0,63.0,177.0,83.0,724.0,284.0,516.0,147.0,437.0,274.0,1283.0,1726.0,1534.0,2007.0,327.0,278.0,,10.0,1467.0,516.0,167.0,863.0,669.0,1532.0,414.0,255.0,532.0,249.0,82.0,3733.0,301.0,342.0,17.0,1016.0,942.0,89.0,2047.0,660.0,2707.0,110.0,399.0,282.0,117.0,450.0,123.0,287.0,473.0,35.0,163.0,75.0,923.0,86.0,168.0,580.0,1191.0,1.0,69.0,75.0,1148.0,144.0,29.0,522.0,21.0,81.0,213.0,23.0,15.0,126.0,8.0,8.0,79.0,236.0,127.0,14.0,1.0,3.0,12.0,5761.0,1268.0,1135.0,98.0,0.5294478527607362,0.5788061703554661,0.8598971722365039,0.3652582159624413,0.3559322033898305,0.3363844393592677,0.3669811320754716,0.5743481324876674,0.6366197183098592,0.5503875968992248,0.5630032206119162,0.6024436090225563,0.5293809024134313,0.5932047750229569,0.6204819277108434,0.573608617594255,0.428743961352657,0.0588442565186751,0.061973986228003,0.0644307149161518,0.0326633165829145,0.4875406283856988,0.898989898989899,0.1231884057971014,0.6926470588235294,0.285953177257525,0.7918939984411536,0.2301223241590214,0.7408248202799849,0.2567891373801917,0.3220779220779221,0.2998324958123953,0.1822429906542056,0.2266811279826464,0.238341968911917,0.6100917431192661,0.7057971014492753,0.8076923076923077,0.7898089171974523,0.7976539589442815,0.0473118279569892,95.67402947456856,0.538135593220339,14.885061511423553,15.216918216918216,14.347275922671352,14.627237627237628,0.2630837359098228,0.7046671767406274,0.7512234910277324,0.5776330076004343,0.2280595813204509,0.46954986760812,0.5018867924528302,0.4680451127819549,0.0801127214170692,0.4447236180904522,0.4597402597402597,0.4632768361581921,0.1314412238325281,0.4012251148545176,0.4049459041731066,0.9732824427480916,0.2973027375201288,0.3493568043331077,0.3519781718963165,0.8023255813953488,0.4436090225563909,0.7415254237288136,0.1828571428571428,0.1015037593984962,0.5185185185185185,0.8571428571428571,0.231203007518797,0.2845528455284553,0.7142857142857143,0.2486883525708289,0.6540084388185654,0.1332633788037775,0.4173228346456692,0.3252885624344176,0.3032258064516129,0.6918276972624798,0.3517382413087934,0.524022618086395,0.5323997041420119,0.5070078025477708,0.1010628379638262,0.1623134328358209,0.0093153237074988,0.1116422513492675,0.1978411719352351,6.603206483439046,25.631596244131448,0.2010544815465729,False,17.0,3.0,0.0079812206572769,0.009188361408882,0.0074475287745429,203506,1610612748,2023,2022-23,True,1052.0,84.0,22.0,71.0,62.0,,70.0,29.0,,1.0,5.0
66336.0,1106.0,35.0,2204.0,2198.0,542.0,597.0,214.0,4402.0,290.0,443.0,62.0,97.0,79.0,125.0,232.0,441.0,59.0,167.0,92.0,234.0,2.0,11.0,21.0,58.0,208.0,571.0,21.0,47.0,58.0,140.0,581.0,1051.0,300.0,805.0,459.0,2521.0,2486.0,76.0,132.0,23.0,58.0,43.0,264.0,130.0,237.0,79.0,198.0,160.0,657.0,634.0,528.0,747.0,153.0,90.0,1.0,4.0,566.0,207.0,51.0,317.0,249.0,566.0,159.0,90.0,171.0,121.0,25.0,1381.0,110.0,135.0,5.0,409.0,347.0,51.0,807.0,250.0,1057.0,33.0,172.0,119.0,53.0,205.0,47.0,123.0,160.0,18.0,82.0,27.0,365.0,31.0,86.0,252.0,452.0,2.0,38.0,20.0,580.0,60.0,13.0,244.0,19.0,46.0,66.0,9.0,6.0,34.0,3.0,2.0,30.0,75.0,35.0,5.0,,2.0,12.0,2257.0,649.0,537.0,35.0,0.5456110154905336,0.5914179104477612,0.83,0.3726708074534161,0.396551724137931,0.398989898989899,0.3732833957553059,0.5528068506184586,0.5757575757575758,0.5485232067510548,0.5554956896551724,0.5815789473684211,0.5712643678160919,0.5972882968601332,0.6059907834101382,0.6202651515151515,0.433728448275862,0.0485252140818268,0.0632054176072234,0.0453514739229024,0.0179640718562874,0.5616438356164384,0.9807692307692308,0.0909090909090909,0.6737864077669903,0.2960526315789473,0.7746212121212122,0.2249488752556237,0.7248322147651006,0.2592592592592592,0.42,0.2561576354679803,0.1941747572815534,0.2212643678160919,0.2340425531914893,0.5761589403973509,0.6866197183098591,0.8125,0.773936170212766,0.7763157894736842,0.0371621621621621,95.55716353111434,0.4666666666666667,14.779038112522686,15.360782529572338,14.31896551724138,14.700181983621476,0.2386853448275862,0.654627539503386,0.6987951807228916,0.5896551724137931,0.2376077586206896,0.5260770975056689,0.5510688836104513,0.521551724137931,0.089978448275862,0.3532934131736527,0.3597560975609756,0.423728813559322,0.1260775862068965,0.3931623931623931,0.396551724137931,0.9782608695652174,0.3076508620689655,0.3642732049036777,0.368141592920354,0.7644230769230769,0.5105263157894737,0.6391752577319587,0.2741935483870967,0.0578947368421052,0.1818181818181818,0.5,0.2473684210526315,0.4468085106382978,0.8095238095238095,0.2873563218390804,0.632,0.1333333333333333,0.3620689655172414,0.3218390804597701,0.4142857142857143,0.6724137931034483,0.3657243816254417,0.5135577567567567,0.528952564102564,0.5173534802784222,0.1279182879377431,0.1975708502024291,0.0231425091352009,0.1047203490678302,0.2606108687028957,7.123406279733585,25.73788819875777,0.2459165154264972,True,8.0,3.0,0.0099378881987577,0.0085470085470085,0.010507880910683,203506,1610612748,2023,2022-23,True,464.0,26.0,6.0,28.0,37.0,,20.0,5.0,,1.0,2.0
171402.0,2857.0,-6.0,5690.0,5698.0,1144.0,1268.0,596.0,11388.0,921.0,1307.0,175.0,236.0,155.0,237.0,532.0,1133.0,177.0,398.0,262.0,653.0,28.0,54.0,53.0,127.0,516.0,1477.0,35.0,123.0,94.0,310.0,1630.0,2838.0,778.0,2130.0,891.0,6485.0,6491.0,226.0,355.0,63.0,177.0,83.0,724.0,284.0,516.0,147.0,437.0,274.0,1283.0,1726.0,1534.0,2007.0,327.0,278.0,,10.0,1467.0,516.0,167.0,863.0,669.0,1532.0,414.0,255.0,532.0,249.0,82.0,3733.0,301.0,342.0,17.0,1016.0,942.0,89.0,2047.0,660.0,2707.0,110.0,399.0,282.0,117.0,450.0,123.0,287.0,473.0,35.0,163.0,75.0,923.0,86.0,168.0,580.0,1191.0,1.0,69.0,75.0,1148.0,144.0,29.0,522.0,21.0,81.0,213.0,23.0,15.0,126.0,8.0,8.0,79.0,236.0,127.0,14.0,1.0,3.0,12.0,5761.0,1268.0,1135.0,98.0,0.5294478527607362,0.5788061703554661,0.8598971722365039,0.3652582159624413,0.3559322033898305,0.3363844393592677,0.3669811320754716,0.5743481324876674,0.6366197183098592,0.5503875968992248,0.5630032206119162,0.6024436090225563,0.5293809024134313,0.5932047750229569,0.6204819277108434,0.573608617594255,0.428743961352657,0.0588442565186751,0.061973986228003,0.0644307149161518,0.0326633165829145,0.4875406283856988,0.898989898989899,0.1231884057971014,0.6926470588235294,0.285953177257525,0.7918939984411536,0.2301223241590214,0.7408248202799849,0.2567891373801917,0.3220779220779221,0.2998324958123953,0.1822429906542056,0.2266811279826464,0.238341968911917,0.6100917431192661,0.7057971014492753,0.8076923076923077,0.7898089171974523,0.7976539589442815,0.0473118279569892,95.67402947456856,0.538135593220339,14.885061511423553,15.216918216918216,14.347275922671352,14.627237627237628,0.2630837359098228,0.7046671767406274,0.7512234910277324,0.5776330076004343,0.2280595813204509,0.46954986760812,0.5018867924528302,0.4680451127819549,0.0801127214170692,0.4447236180904522,0.4597402597402597,0.4632768361581921,0.1314412238325281,0.4012251148545176,0.4049459041731066,0.9732824427480916,0.2973027375201288,0.3493568043331077,0.3519781718963165,0.8023255813953488,0.4436090225563909,0.7415254237288136,0.1828571428571428,0.1015037593984962,0.5185185185185185,0.8571428571428571,0.231203007518797,0.2845528455284553,0.7142857142857143,0.2486883525708289,0.6540084388185654,0.1332633788037775,0.4173228346456692,0.3252885624344176,0.3032258064516129,0.6918276972624798,0.3517382413087934,0.524022618086395,0.5323997041420119,0.5070078025477708,0.1010628379638262,0.1623134328358209,0.0093153237074988,0.1116422513492675,0.1978411719352351,6.603206483439046,25.631596244131448,0.2010544815465729,False,17.0,3.0,0.0079812206572769,0.009188361408882,0.0074475287745429,203506,1610612748,2023,2022-23,True,1052.0,84.0,22.0,71.0,62.0,,70.0,29.0,,1.0,5.0
66336.0,1106.0,35.0,2204.0,2198.0,542.0,597.0,214.0,4402.0,290.0,443.0,62.0,97.0,79.0,125.0,232.0,441.0,59.0,167.0,92.0,234.0,2.0,11.0,21.0,58.0,208.0,571.0,21.0,47.0,58.0,140.0,581.0,1051.0,300.0,805.0,459.0,2521.0,2486.0,76.0,132.0,23.0,58.0,43.0,264.0,130.0,237.0,79.0,198.0,160.0,657.0,634.0,528.0,747.0,153.0,90.0,1.0,4.0,566.0,207.0,51.0,317.0,249.0,566.0,159.0,90.0,171.0,121.0,25.0,1381.0,110.0,135.0,5.0,409.0,347.0,51.0,807.0,250.0,1057.0,33.0,172.0,119.0,53.0,205.0,47.0,123.0,160.0,18.0,82.0,27.0,365.0,31.0,86.0,252.0,452.0,2.0,38.0,20.0,580.0,60.0,13.0,244.0,19.0,46.0,66.0,9.0,6.0,34.0,3.0,2.0,30.0,75.0,35.0,5.0,,2.0,12.0,2257.0,649.0,537.0,35.0,0.5456110154905336,0.5914179104477612,0.83,0.3726708074534161,0.396551724137931,0.398989898989899,0.3732833957553059,0.5528068506184586,0.5757575757575758,0.5485232067510548,0.5554956896551724,0.5815789473684211,0.5712643678160919,0.5972882968601332,0.6059907834101382,0.6202651515151515,0.433728448275862,0.0485252140818268,0.0632054176072234,0.0453514739229024,0.0179640718562874,0.5616438356164384,0.9807692307692308,0.0909090909090909,0.6737864077669903,0.2960526315789473,0.7746212121212122,0.2249488752556237,0.7248322147651006,0.2592592592592592,0.42,0.2561576354679803,0.1941747572815534,0.2212643678160919,0.2340425531914893,0.5761589403973509,0.6866197183098591,0.8125,0.773936170212766,0.7763157894736842,0.0371621621621621,95.55716353111434,0.4666666666666667,14.779038112522686,15.360782529572338,14.31896551724138,14.700181983621476,0.2386853448275862,0.654627539503386,0.6987951807228916,0.5896551724137931,0.2376077586206896,0.5260770975056689,0.5510688836104513,0.521551724137931,0.089978448275862,0.3532934131736527,0.3597560975609756,0.423728813559322,0.1260775862068965,0.3931623931623931,0.396551724137931,0.9782608695652174,0.3076508620689655,0.3642732049036777,0.368141592920354,0.7644230769230769,0.5105263157894737,0.6391752577319587,0.2741935483870967,0.0578947368421052,0.1818181818181818,0.5,0.2473684210526315,0.4468085106382978,0.8095238095238095,0.2873563218390804,0.632,0.1333333333333333,0.3620689655172414,0.3218390804597701,0.4142857142857143,0.6724137931034483,0.3657243816254417,0.5135577567567567,0.528952564102564,0.5173534802784222,0.1279182879377431,0.1975708502024291,0.0231425091352009,0.1047203490678302,0.2606108687028957,7.123406279733585,25.73788819875777,0.2459165154264972,True,8.0,3.0,0.0099378881987577,0.0085470085470085,0.010507880910683,203506,1610612748,2023,2022-23,True,464.0,26.0,6.0,28.0,37.0,,20.0,5.0,,1.0,2.0
171402.0,2857.0,-6.0,5690.0,5698.0,1144.0,1268.0,596.0,11388.0,921.0,1307.0,175.0,236.0,155.0,237.0,532.0,1133.0,177.0,398.0,262.0,653.0,28.0,54.0,53.0,127.0,516.0,1477.0,35.0,123.0,94.0,310.0,1630.0,2838.0,778.0,2130.0,891.0,6485.0,6491.0,226.0,355.0,63.0,177.0,83.0,724.0,284.0,516.0,147.0,437.0,274.0,1283.0,1726.0,1534.0,2007.0,327.0,278.0,,10.0,1467.0,516.0,167.0,863.0,669.0,1532.0,414.0,255.0,532.0,249.0,82.0,3733.0,301.0,342.0,17.0,1016.0,942.0,89.0,2047.0,660.0,2707.0,110.0,399.0,282.0,117.0,450.0,123.0,287.0,473.0,35.0,163.0,75.0,923.0,86.0,168.0,580.0,1191.0,1.0,69.0,75.0,1148.0,144.0,29.0,522.0,21.0,81.0,213.0,23.0,15.0,126.0,8.0,8.0,79.0,236.0,127.0,14.0,1.0,3.0,12.0,5761.0,1268.0,1135.0,98.0,0.5294478527607362,0.5788061703554661,0.8598971722365039,0.3652582159624413,0.3559322033898305,0.3363844393592677,0.3669811320754716,0.5743481324876674,0.6366197183098592,0.5503875968992248,0.5630032206119162,0.6024436090225563,0.5293809024134313,0.5932047750229569,0.6204819277108434,0.573608617594255,0.428743961352657,0.0588442565186751,0.061973986228003,0.0644307149161518,0.0326633165829145,0.4875406283856988,0.898989898989899,0.1231884057971014,0.6926470588235294,0.285953177257525,0.7918939984411536,0.2301223241590214,0.7408248202799849,0.2567891373801917,0.3220779220779221,0.2998324958123953,0.1822429906542056,0.2266811279826464,0.238341968911917,0.6100917431192661,0.7057971014492753,0.8076923076923077,0.7898089171974523,0.7976539589442815,0.0473118279569892,95.67402947456856,0.538135593220339,14.885061511423553,15.216918216918216,14.347275922671352,14.627237627237628,0.2630837359098228,0.7046671767406274,0.7512234910277324,0.5776330076004343,0.2280595813204509,0.46954986760812,0.5018867924528302,0.4680451127819549,0.0801127214170692,0.4447236180904522,0.4597402597402597,0.4632768361581921,0.1314412238325281,0.4012251148545176,0.4049459041731066,0.9732824427480916,0.2973027375201288,0.3493568043331077,0.3519781718963165,0.8023255813953488,0.4436090225563909,0.7415254237288136,0.1828571428571428,0.1015037593984962,0.5185185185185185,0.8571428571428571,0.231203007518797,0.2845528455284553,0.7142857142857143,0.2486883525708289,0.6540084388185654,0.1332633788037775,0.4173228346456692,0.3252885624344176,0.3032258064516129,0.6918276972624798,0.3517382413087934,0.524022618086395,0.5323997041420119,0.5070078025477708,0.1010628379638262,0.1623134328358209,0.0093153237074988,0.1116422513492675,0.1978411719352351,6.603206483439046,25.631596244131448,0.2010544815465729,False,17.0,3.0,0.0079812206572769,0.009188361408882,0.0074475287745429,203506,1610612748,2023,2022-23,True,1052.0,84.0,22.0,71.0,62.0,,70.0,29.0,,1.0,5.0
66336.0,1106.0,35.0,2204.0,2198.0,542.0,597.0,214.0,4402.0,290.0,443.0,62.0,97.0,79.0,125.0,232.0,441.0,59.0,167.0,92.0,234.0,2.0,11.0,21.0,58.0,208.0,571.0,21.0,47.0,58.0,140.0,581.0,1051.0,300.0,805.0,459.0,2521.0,2486.0,76.0,132.0,23.0,58.0,43.0,264.0,130.0,237.0,79.0,198.0,160.0,657.0,634.0,528.0,747.0,153.0,90.0,1.0,4.0,566.0,207.0,51.0,317.0,249.0,566.0,159.0,90.0,171.0,121.0,25.0,1381.0,110.0,135.0,5.0,409.0,347.0,51.0,807.0,250.0,1057.0,33.0,172.0,119.0,53.0,205.0,47.0,123.0,160.0,18.0,82.0,27.0,365.0,31.0,86.0,252.0,452.0,2.0,38.0,20.0,580.0,60.0,13.0,244.0,19.0,46.0,66.0,9.0,6.0,34.0,3.0,2.0,30.0,75.0,35.0,5.0,,2.0,12.0,2257.0,649.0,537.0,35.0,0.5456110154905336,0.5914179104477612,0.83,0.3726708074534161,0.396551724137931,0.398989898989899,0.3732833957553059,0.5528068506184586,0.5757575757575758,0.5485232067510548,0.5554956896551724,0.5815789473684211,0.5712643678160919,0.5972882968601332,0.6059907834101382,0.6202651515151515,0.433728448275862,0.0485252140818268,0.0632054176072234,0.0453514739229024,0.0179640718562874,0.5616438356164384,0.9807692307692308,0.0909090909090909,0.6737864077669903,0.2960526315789473,0.7746212121212122,0.2249488752556237,0.7248322147651006,0.2592592592592592,0.42,0.2561576354679803,0.1941747572815534,0.2212643678160919,0.2340425531914893,0.5761589403973509,0.6866197183098591,0.8125,0.773936170212766,0.7763157894736842,0.0371621621621621,95.55716353111434,0.4666666666666667,14.779038112522686,15.360782529572338,14.31896551724138,14.700181983621476,0.2386853448275862,0.654627539503386,0.6987951807228916,0.5896551724137931,0.2376077586206896,0.5260770975056689,0.5510688836104513,0.521551724137931,0.089978448275862,0.3532934131736527,0.3597560975609756,0.423728813559322,0.1260775862068965,0.3931623931623931,0.396551724137931,0.9782608695652174,0.3076508620689655,0.3642732049036777,0.368141592920354,0.7644230769230769,0.5105263157894737,0.6391752577319587,0.2741935483870967,0.0578947368421052,0.1818181818181818,0.5,0.2473684210526315,0.4468085106382978,0.8095238095238095,0.2873563218390804,0.632,0.1333333333333333,0.3620689655172414,0.3218390804597701,0.4142857142857143,0.6724137931034483,0.3657243816254417,0.5135577567567567,0.528952564102564,0.5173534802784222,0.1279182879377431,0.1975708502024291,0.0231425091352009,0.1047203490678302,0.2606108687028957,7.123406279733585,25.73788819875777,0.2459165154264972,True,8.0,3.0,0.0099378881987577,0.0085470085470085,0.010507880910683,203506,1610612748,2023,2022-23,True,464.0,26.0,6.0,28.0,37.0,,20.0,5.0,,1.0,2.0
171402.0,2857.0,-6.0,5690.0,5698.0,1144.0,1268.0,596.0,11388.0,921.0,1307.0,175.0,236.0,155.0,237.0,532.0,1133.0,177.0,398.0,262.0,653.0,28.0,54.0,53.0,127.0,516.0,1477.0,35.0,123.0,94.0,310.0,1630.0,2838.0,778.0,2130.0,891.0,6485.0,6491.0,226.0,355.0,63.0,177.0,83.0,724.0,284.0,516.0,147.0,437.0,274.0,1283.0,1726.0,1534.0,2007.0,327.0,278.0,,10.0,1467.0,516.0,167.0,863.0,669.0,1532.0,414.0,255.0,532.0,249.0,82.0,3733.0,301.0,342.0,17.0,1016.0,942.0,89.0,2047.0,660.0,2707.0,110.0,399.0,282.0,117.0,450.0,123.0,287.0,473.0,35.0,163.0,75.0,923.0,86.0,168.0,580.0,1191.0,1.0,69.0,75.0,1148.0,144.0,29.0,522.0,21.0,81.0,213.0,23.0,15.0,126.0,8.0,8.0,79.0,236.0,127.0,14.0,1.0,3.0,12.0,5761.0,1268.0,1135.0,98.0,0.5294478527607362,0.5788061703554661,0.8598971722365039,0.3652582159624413,0.3559322033898305,0.3363844393592677,0.3669811320754716,0.5743481324876674,0.6366197183098592,0.5503875968992248,0.5630032206119162,0.6024436090225563,0.5293809024134313,0.5932047750229569,0.6204819277108434,0.573608617594255,0.428743961352657,0.0588442565186751,0.061973986228003,0.0644307149161518,0.0326633165829145,0.4875406283856988,0.898989898989899,0.1231884057971014,0.6926470588235294,0.285953177257525,0.7918939984411536,0.2301223241590214,0.7408248202799849,0.2567891373801917,0.3220779220779221,0.2998324958123953,0.1822429906542056,0.2266811279826464,0.238341968911917,0.6100917431192661,0.7057971014492753,0.8076923076923077,0.7898089171974523,0.7976539589442815,0.0473118279569892,95.67402947456856,0.538135593220339,14.885061511423553,15.216918216918216,14.347275922671352,14.627237627237628,0.2630837359098228,0.7046671767406274,0.7512234910277324,0.5776330076004343,0.2280595813204509,0.46954986760812,0.5018867924528302,0.4680451127819549,0.0801127214170692,0.4447236180904522,0.4597402597402597,0.4632768361581921,0.1314412238325281,0.4012251148545176,0.4049459041731066,0.9732824427480916,0.2973027375201288,0.3493568043331077,0.3519781718963165,0.8023255813953488,0.4436090225563909,0.7415254237288136,0.1828571428571428,0.1015037593984962,0.5185185185185185,0.8571428571428571,0.231203007518797,0.2845528455284553,0.7142857142857143,0.2486883525708289,0.6540084388185654,0.1332633788037775,0.4173228346456692,0.3252885624344176,0.3032258064516129,0.6918276972624798,0.3517382413087934,0.524022618086395,0.5323997041420119,0.5070078025477708,0.1010628379638262,0.1623134328358209,0.0093153237074988,0.1116422513492675,0.1978411719352351,6.603206483439046,25.631596244131448,0.2010544815465729,False,17.0,3.0,0.0079812206572769,0.009188361408882,0.0074475287745429,203506,1610612748,2023,2022-23,True,1052.0,84.0,22.0,71.0,62.0,,70.0,29.0,,1.0,5.0
66336.0,1106.0,35.0,2204.0,2198.0,542.0,597.0,214.0,4402.0,290.0,443.0,62.0,97.0,79.0,125.0,232.0,441.0,59.0,167.0,92.0,234.0,2.0,11.0,21.0,58.0,208.0,571.0,21.0,47.0,58.0,140.0,581.0,1051.0,300.0,805.0,459.0,2521.0,2486.0,76.0,132.0,23.0,58.0,43.0,264.0,130.0,237.0,79.0,198.0,160.0,657.0,634.0,528.0,747.0,153.0,90.0,1.0,4.0,566.0,207.0,51.0,317.0,249.0,566.0,159.0,90.0,171.0,121.0,25.0,1381.0,110.0,135.0,5.0,409.0,347.0,51.0,807.0,250.0,1057.0,33.0,172.0,119.0,53.0,205.0,47.0,123.0,160.0,18.0,82.0,27.0,365.0,31.0,86.0,252.0,452.0,2.0,38.0,20.0,580.0,60.0,13.0,244.0,19.0,46.0,66.0,9.0,6.0,34.0,3.0,2.0,30.0,75.0,35.0,5.0,,2.0,12.0,2257.0,649.0,537.0,35.0,0.5456110154905336,0.5914179104477612,0.83,0.3726708074534161,0.396551724137931,0.398989898989899,0.3732833957553059,0.5528068506184586,0.5757575757575758,0.5485232067510548,0.5554956896551724,0.5815789473684211,0.5712643678160919,0.5972882968601332,0.6059907834101382,0.6202651515151515,0.433728448275862,0.0485252140818268,0.0632054176072234,0.0453514739229024,0.0179640718562874,0.5616438356164384,0.9807692307692308,0.0909090909090909,0.6737864077669903,0.2960526315789473,0.7746212121212122,0.2249488752556237,0.7248322147651006,0.2592592592592592,0.42,0.2561576354679803,0.1941747572815534,0.2212643678160919,0.2340425531914893,0.5761589403973509,0.6866197183098591,0.8125,0.773936170212766,0.7763157894736842,0.0371621621621621,95.55716353111434,0.4666666666666667,14.779038112522686,15.360782529572338,14.31896551724138,14.700181983621476,0.2386853448275862,0.654627539503386,0.6987951807228916,0.5896551724137931,0.2376077586206896,0.5260770975056689,0.5510688836104513,0.521551724137931,0.089978448275862,0.3532934131736527,0.3597560975609756,0.423728813559322,0.1260775862068965,0.3931623931623931,0.396551724137931,0.9782608695652174,0.3076508620689655,0.3642732049036777,0.368141592920354,0.7644230769230769,0.5105263157894737,0.6391752577319587,0.2741935483870967,0.0578947368421052,0.1818181818181818,0.5,0.2473684210526315,0.4468085106382978,0.8095238095238095,0.2873563218390804,0.632,0.1333333333333333,0.3620689655172414,0.3218390804597701,0.4142857142857143,0.6724137931034483,0.3657243816254417,0.5135577567567567,0.528952564102564,0.5173534802784222,0.1279182879377431,0.1975708502024291,0.0231425091352009,0.1047203490678302,0.2606108687028957,7.123406279733585,25.73788819875777,0.2459165154264972,True,8.0,3.0,0.0099378881987577,0.0085470085470085,0.010507880910683,203506,1610612748,2023,2022-23,True,464.0,26.0,6.0,28.0,37.0,,20.0,5.0,,1.0,2.0
171402.0,2857.0,-6.0,5690.0,5698.0,1144.0,1268.0,596.0,11388.0,921.0,1307.0,175.0,236.0,155.0,237.0,532.0,1133.0,177.0,398.0,262.0,653.0,28.0,54.0,53.0,127.0,516.0,1477.0,35.0,123.0,94.0,310.0,1630.0,2838.0,778.0,2130.0,891.0,6485.0,6491.0,226.0,355.0,63.0,177.0,83.0,724.0,284.0,516.0,147.0,437.0,274.0,1283.0,1726.0,1534.0,2007.0,327.0,278.0,,10.0,1467.0,516.0,167.0,863.0,669.0,1532.0,414.0,255.0,532.0,249.0,82.0,3733.0,301.0,342.0,17.0,1016.0,942.0,89.0,2047.0,660.0,2707.0,110.0,399.0,282.0,117.0,450.0,123.0,287.0,473.0,35.0,163.0,75.0,923.0,86.0,168.0,580.0,1191.0,1.0,69.0,75.0,1148.0,144.0,29.0,522.0,21.0,81.0,213.0,23.0,15.0,126.0,8.0,8.0,79.0,236.0,127.0,14.0,1.0,3.0,12.0,5761.0,1268.0,1135.0,98.0,0.5294478527607362,0.5788061703554661,0.8598971722365039,0.3652582159624413,0.3559322033898305,0.3363844393592677,0.3669811320754716,0.5743481324876674,0.6366197183098592,0.5503875968992248,0.5630032206119162,0.6024436090225563,0.5293809024134313,0.5932047750229569,0.6204819277108434,0.573608617594255,0.428743961352657,0.0588442565186751,0.061973986228003,0.0644307149161518,0.0326633165829145,0.4875406283856988,0.898989898989899,0.1231884057971014,0.6926470588235294,0.285953177257525,0.7918939984411536,0.2301223241590214,0.7408248202799849,0.2567891373801917,0.3220779220779221,0.2998324958123953,0.1822429906542056,0.2266811279826464,0.238341968911917,0.6100917431192661,0.7057971014492753,0.8076923076923077,0.7898089171974523,0.7976539589442815,0.0473118279569892,95.67402947456856,0.538135593220339,14.885061511423553,15.216918216918216,14.347275922671352,14.627237627237628,0.2630837359098228,0.7046671767406274,0.7512234910277324,0.5776330076004343,0.2280595813204509,0.46954986760812,0.5018867924528302,0.4680451127819549,0.0801127214170692,0.4447236180904522,0.4597402597402597,0.4632768361581921,0.1314412238325281,0.4012251148545176,0.4049459041731066,0.9732824427480916,0.2973027375201288,0.3493568043331077,0.3519781718963165,0.8023255813953488,0.4436090225563909,0.7415254237288136,0.1828571428571428,0.1015037593984962,0.5185185185185185,0.8571428571428571,0.231203007518797,0.2845528455284553,0.7142857142857143,0.2486883525708289,0.6540084388185654,0.1332633788037775,0.4173228346456692,0.3252885624344176,0.3032258064516129,0.6918276972624798,0.3517382413087934,0.524022618086395,0.5323997041420119,0.5070078025477708,0.1010628379638262,0.1623134328358209,0.0093153237074988,0.1116422513492675,0.1978411719352351,6.603206483439046,25.631596244131448,0.2010544815465729,False,17.0,3.0,0.0079812206572769,0.009188361408882,0.0074475287745429,203506,1610612748,2023,2022-23,True,1052.0,84.0,22.0,71.0,62.0,,70.0,29.0,,1.0,5.0
66336.0,1106.0,35.0,2204.0,2198.0,542.0,597.0,214.0,4402.0,290.0,443.0,62.0,97.0,79.0,125.0,232.0,441.0,59.0,167.0,92.0,234.0,2.0,11.0,21.0,58.0,208.0,571.0,21.0,47.0,58.0,140.0,581.0,1051.0,300.0,805.0,459.0,2521.0,2486.0,76.0,132.0,23.0,58.0,43.0,264.0,130.0,237.0,79.0,198.0,160.0,657.0,634.0,528.0,747.0,153.0,90.0,1.0,4.0,566.0,207.0,51.0,317.0,249.0,566.0,159.0,90.0,171.0,121.0,25.0,1381.0,110.0,135.0,5.0,409.0,347.0,51.0,807.0,250.0,1057.0,33.0,172.0,119.0,53.0,205.0,47.0,123.0,160.0,18.0,82.0,27.0,365.0,31.0,86.0,252.0,452.0,2.0,38.0,20.0,580.0,60.0,13.0,244.0,19.0,46.0,66.0,9.0,6.0,34.0,3.0,2.0,30.0,75.0,35.0,5.0,,2.0,12.0,2257.0,649.0,537.0,35.0,0.5456110154905336,0.5914179104477612,0.83,0.3726708074534161,0.396551724137931,0.398989898989899,0.3732833957553059,0.5528068506184586,0.5757575757575758,0.5485232067510548,0.5554956896551724,0.5815789473684211,0.5712643678160919,0.5972882968601332,0.6059907834101382,0.6202651515151515,0.433728448275862,0.0485252140818268,0.0632054176072234,0.0453514739229024,0.0179640718562874,0.5616438356164384,0.9807692307692308,0.0909090909090909,0.6737864077669903,0.2960526315789473,0.7746212121212122,0.2249488752556237,0.7248322147651006,0.2592592592592592,0.42,0.2561576354679803,0.1941747572815534,0.2212643678160919,0.2340425531914893,0.5761589403973509,0.6866197183098591,0.8125,0.773936170212766,0.7763157894736842,0.0371621621621621,95.55716353111434,0.4666666666666667,14.779038112522686,15.360782529572338,14.31896551724138,14.700181983621476,0.2386853448275862,0.654627539503386,0.6987951807228916,0.5896551724137931,0.2376077586206896,0.5260770975056689,0.5510688836104513,0.521551724137931,0.089978448275862,0.3532934131736527,0.3597560975609756,0.423728813559322,0.1260775862068965,0.3931623931623931,0.396551724137931,0.9782608695652174,0.3076508620689655,0.3642732049036777,0.368141592920354,0.7644230769230769,0.5105263157894737,0.6391752577319587,0.2741935483870967,0.0578947368421052,0.1818181818181818,0.5,0.2473684210526315,0.4468085106382978,0.8095238095238095,0.2873563218390804,0.632,0.1333333333333333,0.3620689655172414,0.3218390804597701,0.4142857142857143,0.6724137931034483,0.3657243816254417,0.5135577567567567,0.528952564102564,0.5173534802784222,0.1279182879377431,0.1975708502024291,0.0231425091352009,0.1047203490678302,0.2606108687028957,7.123406279733585,25.73788819875777,0.2459165154264972,True,8.0,3.0,0.0099378881987577,0.0085470085470085,0.010507880910683,203506,1610612748,2023,2022-23,True,464.0,26.0,6.0,28.0,37.0,,20.0,5.0,,1.0,2.0
171402.0,2857.0,-6.0,5690.0,5698.0,1144.0,1268.0,596.0,11388.0,921.0,1307.0,175.0,236.0,155.0,237.0,532.0,1133.0,177.0,398.0,262.0,653.0,28.0,54.0,53.0,127.0,516.0,1477.0,35.0,123.0,94.0,310.0,1630.0,2838.0,778.0,2130.0,891.0,6485.0,6491.0,226.0,355.0,63.0,177.0,83.0,724.0,284.0,516.0,147.0,437.0,274.0,1283.0,1726.0,1534.0,2007.0,327.0,278.0,,10.0,1467.0,516.0,167.0,863.0,669.0,1532.0,414.0,255.0,532.0,249.0,82.0,3733.0,301.0,342.0,17.0,1016.0,942.0,89.0,2047.0,660.0,2707.0,110.0,399.0,282.0,117.0,450.0,123.0,287.0,473.0,35.0,163.0,75.0,923.0,86.0,168.0,580.0,1191.0,1.0,69.0,75.0,1148.0,144.0,29.0,522.0,21.0,81.0,213.0,23.0,15.0,126.0,8.0,8.0,79.0,236.0,127.0,14.0,1.0,3.0,12.0,5761.0,1268.0,1135.0,98.0,0.5294478527607362,0.5788061703554661,0.8598971722365039,0.3652582159624413,0.3559322033898305,0.3363844393592677,0.3669811320754716,0.5743481324876674,0.6366197183098592,0.5503875968992248,0.5630032206119162,0.6024436090225563,0.5293809024134313,0.5932047750229569,0.6204819277108434,0.573608617594255,0.428743961352657,0.0588442565186751,0.061973986228003,0.0644307149161518,0.0326633165829145,0.4875406283856988,0.898989898989899,0.1231884057971014,0.6926470588235294,0.285953177257525,0.7918939984411536,0.2301223241590214,0.7408248202799849,0.2567891373801917,0.3220779220779221,0.2998324958123953,0.1822429906542056,0.2266811279826464,0.238341968911917,0.6100917431192661,0.7057971014492753,0.8076923076923077,0.7898089171974523,0.7976539589442815,0.0473118279569892,95.67402947456856,0.538135593220339,14.885061511423553,15.216918216918216,14.347275922671352,14.627237627237628,0.2630837359098228,0.7046671767406274,0.7512234910277324,0.5776330076004343,0.2280595813204509,0.46954986760812,0.5018867924528302,0.4680451127819549,0.0801127214170692,0.4447236180904522,0.4597402597402597,0.4632768361581921,0.1314412238325281,0.4012251148545176,0.4049459041731066,0.9732824427480916,0.2973027375201288,0.3493568043331077,0.3519781718963165,0.8023255813953488,0.4436090225563909,0.7415254237288136,0.1828571428571428,0.1015037593984962,0.5185185185185185,0.8571428571428571,0.231203007518797,0.2845528455284553,0.7142857142857143,0.2486883525708289,0.6540084388185654,0.1332633788037775,0.4173228346456692,0.3252885624344176,0.3032258064516129,0.6918276972624798,0.3517382413087934,0.524022618086395,0.5323997041420119,0.5070078025477708,0.1010628379638262,0.1623134328358209,0.0093153237074988,0.1116422513492675,0.1978411719352351,6.603206483439046,25.631596244131448,0.2010544815465729,False,17.0,3.0,0.0079812206572769,0.009188361408882,0.0074475287745429,203506,1610612748,2023,2022-23,True,1052.0,84.0,22.0,71.0,62.0,,70.0,29.0,,1.0,5.0
66336.0,1106.0,35.0,2204.0,2198.0,542.0,597.0,214.0,4402.0,290.0,443.0,62.0,97.0,79.0,125.0,232.0,441.0,59.0,167.0,92.0,234.0,2.0,11.0,21.0,58.0,208.0,571.0,21.0,47.0,58.0,140.0,581.0,1051.0,300.0,805.0,459.0,2521.0,2486.0,76.0,132.0,23.0,58.0,43.0,264.0,130.0,237.0,79.0,198.0,160.0,657.0,634.0,528.0,747.0,153.0,90.0,1.0,4.0,566.0,207.0,51.0,317.0,249.0,566.0,159.0,90.0,171.0,121.0,25.0,1381.0,110.0,135.0,5.0,409.0,347.0,51.0,807.0,250.0,1057.0,33.0,172.0,119.0,53.0,205.0,47.0,123.0,160.0,18.0,82.0,27.0,365.0,31.0,86.0,252.0,452.0,2.0,38.0,20.0,580.0,60.0,13.0,244.0,19.0,46.0,66.0,9.0,6.0,34.0,3.0,2.0,30.0,75.0,35.0,5.0,,2.0,12.0,2257.0,649.0,537.0,35.0,0.5456110154905336,0.5914179104477612,0.83,0.3726708074534161,0.396551724137931,0.398989898989899,0.3732833957553059,0.5528068506184586,0.5757575757575758,0.5485232067510548,0.5554956896551724,0.5815789473684211,0.5712643678160919,0.5972882968601332,0.6059907834101382,0.6202651515151515,0.433728448275862,0.0485252140818268,0.0632054176072234,0.0453514739229024,0.0179640718562874,0.5616438356164384,0.9807692307692308,0.0909090909090909,0.6737864077669903,0.2960526315789473,0.7746212121212122,0.2249488752556237,0.7248322147651006,0.2592592592592592,0.42,0.2561576354679803,0.1941747572815534,0.2212643678160919,0.2340425531914893,0.5761589403973509,0.6866197183098591,0.8125,0.773936170212766,0.7763157894736842,0.0371621621621621,95.55716353111434,0.4666666666666667,14.779038112522686,15.360782529572338,14.31896551724138,14.700181983621476,0.2386853448275862,0.654627539503386,0.6987951807228916,0.5896551724137931,0.2376077586206896,0.5260770975056689,0.5510688836104513,0.521551724137931,0.089978448275862,0.3532934131736527,0.3597560975609756,0.423728813559322,0.1260775862068965,0.3931623931623931,0.396551724137931,0.9782608695652174,0.3076508620689655,0.3642732049036777,0.368141592920354,0.7644230769230769,0.5105263157894737,0.6391752577319587,0.2741935483870967,0.0578947368421052,0.1818181818181818,0.5,0.2473684210526315,0.4468085106382978,0.8095238095238095,0.2873563218390804,0.632,0.1333333333333333,0.3620689655172414,0.3218390804597701,0.4142857142857143,0.6724137931034483,0.3657243816254417,0.5135577567567567,0.528952564102564,0.5173534802784222,0.1279182879377431,0.1975708502024291,0.0231425091352009,0.1047203490678302,0.2606108687028957,7.123406279733585,25.73788819875777,0.2459165154264972,True,8.0,3.0,0.0099378881987577,0.0085470085470085,0.010507880910683,203506,1610612748,2023,2022-23,True,464.0,26.0,6.0,28.0,37.0,,20.0,5.0,,1.0,2.0
171402.0,2857.0,-6.0,5690.0,5698.0,1144.0,1268.0,596.0,11388.0,921.0,1307.0,175.0,236.0,155.0,237.0,532.0,1133.0,177.0,398.0,262.0,653.0,28.0,54.0,53.0,127.0,516.0,1477.0,35.0,123.0,94.0,310.0,1630.0,2838.0,778.0,2130.0,891.0,6485.0,6491.0,226.0,355.0,63.0,177.0,83.0,724.0,284.0,516.0,147.0,437.0,274.0,1283.0,1726.0,1534.0,2007.0,327.0,278.0,,10.0,1467.0,516.0,167.0,863.0,669.0,1532.0,414.0,255.0,532.0,249.0,82.0,3733.0,301.0,342.0,17.0,1016.0,942.0,89.0,2047.0,660.0,2707.0,110.0,399.0,282.0,117.0,450.0,123.0,287.0,473.0,35.0,163.0,75.0,923.0,86.0,168.0,580.0,1191.0,1.0,69.0,75.0,1148.0,144.0,29.0,522.0,21.0,81.0,213.0,23.0,15.0,126.0,8.0,8.0,79.0,236.0,127.0,14.0,1.0,3.0,12.0,5761.0,1268.0,1135.0,98.0,0.5294478527607362,0.5788061703554661,0.8598971722365039,0.3652582159624413,0.3559322033898305,0.3363844393592677,0.3669811320754716,0.5743481324876674,0.6366197183098592,0.5503875968992248,0.5630032206119162,0.6024436090225563,0.5293809024134313,0.5932047750229569,0.6204819277108434,0.573608617594255,0.428743961352657,0.0588442565186751,0.061973986228003,0.0644307149161518,0.0326633165829145,0.4875406283856988,0.898989898989899,0.1231884057971014,0.6926470588235294,0.285953177257525,0.7918939984411536,0.2301223241590214,0.7408248202799849,0.2567891373801917,0.3220779220779221,0.2998324958123953,0.1822429906542056,0.2266811279826464,0.238341968911917,0.6100917431192661,0.7057971014492753,0.8076923076923077,0.7898089171974523,0.7976539589442815,0.0473118279569892,95.67402947456856,0.538135593220339,14.885061511423553,15.216918216918216,14.347275922671352,14.627237627237628,0.2630837359098228,0.7046671767406274,0.7512234910277324,0.5776330076004343,0.2280595813204509,0.46954986760812,0.5018867924528302,0.4680451127819549,0.0801127214170692,0.4447236180904522,0.4597402597402597,0.4632768361581921,0.1314412238325281,0.4012251148545176,0.4049459041731066,0.9732824427480916,0.2973027375201288,0.3493568043331077,0.3519781718963165,0.8023255813953488,0.4436090225563909,0.7415254237288136,0.1828571428571428,0.1015037593984962,0.5185185185185185,0.8571428571428571,0.231203007518797,0.2845528455284553,0.7142857142857143,0.2486883525708289,0.6540084388185654,0.1332633788037775,0.4173228346456692,0.3252885624344176,0.3032258064516129,0.6918276972624798,0.3517382413087934,0.524022618086395,0.5323997041420119,0.5070078025477708,0.1010628379638262,0.1623134328358209,0.0093153237074988,0.1116422513492675,0.1978411719352351,6.603206483439046,25.631596244131448,0.2010544815465729,False,17.0,3.0,0.0079812206572769,0.009188361408882,0.0074475287745429,203506,1610612748,2023,2022-23,True,1052.0,84.0,22.0,71.0,62.0,,70.0,29.0,,1.0,5.0
66336.0,1106.0,35.0,2204.0,2198.0,542.0,597.0,214.0,4402.0,290.0,443.0,62.0,97.0,79.0,125.0,232.0,441.0,59.0,167.0,92.0,234.0,2.0,11.0,21.0,58.0,208.0,571.0,21.0,47.0,58.0,140.0,581.0,1051.0,300.0,805.0,459.0,2521.0,2486.0,76.0,132.0,23.0,58.0,43.0,264.0,130.0,237.0,79.0,198.0,160.0,657.0,634.0,528.0,747.0,153.0,90.0,1.0,4.0,566.0,207.0,51.0,317.0,249.0,566.0,159.0,90.0,171.0,121.0,25.0,1381.0,110.0,135.0,5.0,409.0,347.0,51.0,807.0,250.0,1057.0,33.0,172.0,119.0,53.0,205.0,47.0,123.0,160.0,18.0,82.0,27.0,365.0,31.0,86.0,252.0,452.0,2.0,38.0,20.0,580.0,60.0,13.0,244.0,19.0,46.0,66.0,9.0,6.0,34.0,3.0,2.0,30.0,75.0,35.0,5.0,,2.0,12.0,2257.0,649.0,537.0,35.0,0.5456110154905336,0.5914179104477612,0.83,0.3726708074534161,0.396551724137931,0.398989898989899,0.3732833957553059,0.5528068506184586,0.5757575757575758,0.5485232067510548,0.5554956896551724,0.5815789473684211,0.5712643678160919,0.5972882968601332,0.6059907834101382,0.6202651515151515,0.433728448275862,0.0485252140818268,0.0632054176072234,0.0453514739229024,0.0179640718562874,0.5616438356164384,0.9807692307692308,0.0909090909090909,0.6737864077669903,0.2960526315789473,0.7746212121212122,0.2249488752556237,0.7248322147651006,0.2592592592592592,0.42,0.2561576354679803,0.1941747572815534,0.2212643678160919,0.2340425531914893,0.5761589403973509,0.6866197183098591,0.8125,0.773936170212766,0.7763157894736842,0.0371621621621621,95.55716353111434,0.4666666666666667,14.779038112522686,15.360782529572338,14.31896551724138,14.700181983621476,0.2386853448275862,0.654627539503386,0.6987951807228916,0.5896551724137931,0.2376077586206896,0.5260770975056689,0.5510688836104513,0.521551724137931,0.089978448275862,0.3532934131736527,0.3597560975609756,0.423728813559322,0.1260775862068965,0.3931623931623931,0.396551724137931,0.9782608695652174,0.3076508620689655,0.3642732049036777,0.368141592920354,0.7644230769230769,0.5105263157894737,0.6391752577319587,0.2741935483870967,0.0578947368421052,0.1818181818181818,0.5,0.2473684210526315,0.4468085106382978,0.8095238095238095,0.2873563218390804,0.632,0.1333333333333333,0.3620689655172414,0.3218390804597701,0.4142857142857143,0.6724137931034483,0.3657243816254417,0.5135577567567567,0.528952564102564,0.5173534802784222,0.1279182879377431,0.1975708502024291,0.0231425091352009,0.1047203490678302,0.2606108687028957,7.123406279733585,25.73788819875777,0.2459165154264972,True,8.0,3.0,0.0099378881987577,0.0085470085470085,0.010507880910683,203506,1610612748,2023,2022-23,True,464.0,26.0,6.0,28.0,37.0,,20.0,5.0,,1.0,2.0
171402.0,2857.0,-6.0,5690.0,5698.0,1144.0,1268.0,596.0,11388.0,921.0,1307.0,175.0,236.0,155.0,237.0,532.0,1133.0,177.0,398.0,262.0,653.0,28.0,54.0,53.0,127.0,516.0,1477.0,35.0,123.0,94.0,310.0,1630.0,2838.0,778.0,2130.0,891.0,6485.0,6491.0,226.0,355.0,63.0,177.0,83.0,724.0,284.0,516.0,147.0,437.0,274.0,1283.0,1726.0,1534.0,2007.0,327.0,278.0,,10.0,1467.0,516.0,167.0,863.0,669.0,1532.0,414.0,255.0,532.0,249.0,82.0,3733.0,301.0,342.0,17.0,1016.0,942.0,89.0,2047.0,660.0,2707.0,110.0,399.0,282.0,117.0,450.0,123.0,287.0,473.0,35.0,163.0,75.0,923.0,86.0,168.0,580.0,1191.0,1.0,69.0,75.0,1148.0,144.0,29.0,522.0,21.0,81.0,213.0,23.0,15.0,126.0,8.0,8.0,79.0,236.0,127.0,14.0,1.0,3.0,12.0,5761.0,1268.0,1135.0,98.0,0.5294478527607362,0.5788061703554661,0.8598971722365039,0.3652582159624413,0.3559322033898305,0.3363844393592677,0.3669811320754716,0.5743481324876674,0.6366197183098592,0.5503875968992248,0.5630032206119162,0.6024436090225563,0.5293809024134313,0.5932047750229569,0.6204819277108434,0.573608617594255,0.428743961352657,0.0588442565186751,0.061973986228003,0.0644307149161518,0.0326633165829145,0.4875406283856988,0.898989898989899,0.1231884057971014,0.6926470588235294,0.285953177257525,0.7918939984411536,0.2301223241590214,0.7408248202799849,0.2567891373801917,0.3220779220779221,0.2998324958123953,0.1822429906542056,0.2266811279826464,0.238341968911917,0.6100917431192661,0.7057971014492753,0.8076923076923077,0.7898089171974523,0.7976539589442815,0.0473118279569892,95.67402947456856,0.538135593220339,14.885061511423553,15.216918216918216,14.347275922671352,14.627237627237628,0.2630837359098228,0.7046671767406274,0.7512234910277324,0.5776330076004343,0.2280595813204509,0.46954986760812,0.5018867924528302,0.4680451127819549,0.0801127214170692,0.4447236180904522,0.4597402597402597,0.4632768361581921,0.1314412238325281,0.4012251148545176,0.4049459041731066,0.9732824427480916,0.2973027375201288,0.3493568043331077,0.3519781718963165,0.8023255813953488,0.4436090225563909,0.7415254237288136,0.1828571428571428,0.1015037593984962,0.5185185185185185,0.8571428571428571,0.231203007518797,0.2845528455284553,0.7142857142857143,0.2486883525708289,0.6540084388185654,0.1332633788037775,0.4173228346456692,0.3252885624344176,0.3032258064516129,0.6918276972624798,0.3517382413087934,0.524022618086395,0.5323997041420119,0.5070078025477708,0.1010628379638262,0.1623134328358209,0.0093153237074988,0.1116422513492675,0.1978411719352351,6.603206483439046,25.631596244131448,0.2010544815465729,False,17.0,3.0,0.0079812206572769,0.009188361408882,0.0074475287745429,203506,1610612748,2023,2022-23,True,1052.0,84.0,22.0,71.0,62.0,,70.0,29.0,,1.0,5.0
66336.0,1106.0,35.0,2204.0,2198.0,542.0,597.0,214.0,4402.0,290.0,443.0,62.0,97.0,79.0,125.0,232.0,441.0,59.0,167.0,92.0,234.0,2.0,11.0,21.0,58.0,208.0,571.0,21.0,47.0,58.0,140.0,581.0,1051.0,300.0,805.0,459.0,2521.0,2486.0,76.0,132.0,23.0,58.0,43.0,264.0,130.0,237.0,79.0,198.0,160.0,657.0,634.0,528.0,747.0,153.0,90.0,1.0,4.0,566.0,207.0,51.0,317.0,249.0,566.0,159.0,90.0,171.0,121.0,25.0,1381.0,110.0,135.0,5.0,409.0,347.0,51.0,807.0,250.0,1057.0,33.0,172.0,119.0,53.0,205.0,47.0,123.0,160.0,18.0,82.0,27.0,365.0,31.0,86.0,252.0,452.0,2.0,38.0,20.0,580.0,60.0,13.0,244.0,19.0,46.0,66.0,9.0,6.0,34.0,3.0,2.0,30.0,75.0,35.0,5.0,,2.0,12.0,2257.0,649.0,537.0,35.0,0.5456110154905336,0.5914179104477612,0.83,0.3726708074534161,0.396551724137931,0.398989898989899,0.3732833957553059,0.5528068506184586,0.5757575757575758,0.5485232067510548,0.5554956896551724,0.5815789473684211,0.5712643678160919,0.5972882968601332,0.6059907834101382,0.6202651515151515,0.433728448275862,0.0485252140818268,0.0632054176072234,0.0453514739229024,0.0179640718562874,0.5616438356164384,0.9807692307692308,0.0909090909090909,0.6737864077669903,0.2960526315789473,0.7746212121212122,0.2249488752556237,0.7248322147651006,0.2592592592592592,0.42,0.2561576354679803,0.1941747572815534,0.2212643678160919,0.2340425531914893,0.5761589403973509,0.6866197183098591,0.8125,0.773936170212766,0.7763157894736842,0.0371621621621621,95.55716353111434,0.4666666666666667,14.779038112522686,15.360782529572338,14.31896551724138,14.700181983621476,0.2386853448275862,0.654627539503386,0.6987951807228916,0.5896551724137931,0.2376077586206896,0.5260770975056689,0.5510688836104513,0.521551724137931,0.089978448275862,0.3532934131736527,0.3597560975609756,0.423728813559322,0.1260775862068965,0.3931623931623931,0.396551724137931,0.9782608695652174,0.3076508620689655,0.3642732049036777,0.368141592920354,0.7644230769230769,0.5105263157894737,0.6391752577319587,0.2741935483870967,0.0578947368421052,0.1818181818181818,0.5,0.2473684210526315,0.4468085106382978,0.8095238095238095,0.2873563218390804,0.632,0.1333333333333333,0.3620689655172414,0.3218390804597701,0.4142857142857143,0.6724137931034483,0.3657243816254417,0.5135577567567567,0.528952564102564,0.5173534802784222,0.1279182879377431,0.1975708502024291,0.0231425091352009,0.1047203490678302,0.2606108687028957,7.123406279733585,25.73788819875777,0.2459165154264972,True,8.0,3.0,0.0099378881987577,0.0085470085470085,0.010507880910683,203506,1610612748,2023,2022-23,True,464.0,26.0,6.0,28.0,37.0,,20.0,5.0,,1.0,2.0
171402.0,2857.0,-6.0,5690.0,5698.0,1144.0,1268.0,596.0,11388.0,921.0,1307.0,175.0,236.0,155.0,237.0,532.0,1133.0,177.0,398.0,262.0,653.0,28.0,54.0,53.0,127.0,516.0,1477.0,35.0,123.0,94.0,310.0,1630.0,2838.0,778.0,2130.0,891.0,6485.0,6491.0,226.0,355.0,63.0,177.0,83.0,724.0,284.0,516.0,147.0,437.0,274.0,1283.0,1726.0,1534.0,2007.0,327.0,278.0,,10.0,1467.0,516.0,167.0,863.0,669.0,1532.0,414.0,255.0,532.0,249.0,82.0,3733.0,301.0,342.0,17.0,1016.0,942.0,89.0,2047.0,660.0,2707.0,110.0,399.0,282.0,117.0,450.0,123.0,287.0,473.0,35.0,163.0,75.0,923.0,86.0,168.0,580.0,1191.0,1.0,69.0,75.0,1148.0,144.0,29.0,522.0,21.0,81.0,213.0,23.0,15.0,126.0,8.0,8.0,79.0,236.0,127.0,14.0,1.0,3.0,12.0,5761.0,1268.0,1135.0,98.0,0.5294478527607362,0.5788061703554661,0.8598971722365039,0.3652582159624413,0.3559322033898305,0.3363844393592677,0.3669811320754716,0.5743481324876674,0.6366197183098592,0.5503875968992248,0.5630032206119162,0.6024436090225563,0.5293809024134313,0.5932047750229569,0.6204819277108434,0.573608617594255,0.428743961352657,0.0588442565186751,0.061973986228003,0.0644307149161518,0.0326633165829145,0.4875406283856988,0.898989898989899,0.1231884057971014,0.6926470588235294,0.285953177257525,0.7918939984411536,0.2301223241590214,0.7408248202799849,0.2567891373801917,0.3220779220779221,0.2998324958123953,0.1822429906542056,0.2266811279826464,0.238341968911917,0.6100917431192661,0.7057971014492753,0.8076923076923077,0.7898089171974523,0.7976539589442815,0.0473118279569892,95.67402947456856,0.538135593220339,14.885061511423553,15.216918216918216,14.347275922671352,14.627237627237628,0.2630837359098228,0.7046671767406274,0.7512234910277324,0.5776330076004343,0.2280595813204509,0.46954986760812,0.5018867924528302,0.4680451127819549,0.0801127214170692,0.4447236180904522,0.4597402597402597,0.4632768361581921,0.1314412238325281,0.4012251148545176,0.4049459041731066,0.9732824427480916,0.2973027375201288,0.3493568043331077,0.3519781718963165,0.8023255813953488,0.4436090225563909,0.7415254237288136,0.1828571428571428,0.1015037593984962,0.5185185185185185,0.8571428571428571,0.231203007518797,0.2845528455284553,0.7142857142857143,0.2486883525708289,0.6540084388185654,0.1332633788037775,0.4173228346456692,0.3252885624344176,0.3032258064516129,0.6918276972624798,0.3517382413087934,0.524022618086395,0.5323997041420119,0.5070078025477708,0.1010628379638262,0.1623134328358209,0.0093153237074988,0.1116422513492675,0.1978411719352351,6.603206483439046,25.631596244131448,0.2010544815465729,False,17.0,3.0,0.0079812206572769,0.009188361408882,0.0074475287745429,203506,1610612748,2023,2022-23,True,1052.0,84.0,22.0,71.0,62.0,,70.0,29.0,,1.0,5.0
66336.0,1106.0,35.0,2204.0,2198.0,542.0,597.0,214.0,4402.0,290.0,443.0,62.0,97.0,79.0,125.0,232.0,441.0,59.0,167.0,92.0,234.0,2.0,11.0,21.0,58.0,208.0,571.0,21.0,47.0,58.0,140.0,581.0,1051.0,300.0,805.0,459.0,2521.0,2486.0,76.0,132.0,23.0,58.0,43.0,264.0,130.0,237.0,79.0,198.0,160.0,657.0,634.0,528.0,747.0,153.0,90.0,1.0,4.0,566.0,207.0,51.0,317.0,249.0,566.0,159.0,90.0,171.0,121.0,25.0,1381.0,110.0,135.0,5.0,409.0,347.0,51.0,807.0,250.0,1057.0,33.0,172.0,119.0,53.0,205.0,47.0,123.0,160.0,18.0,82.0,27.0,365.0,31.0,86.0,252.0,452.0,2.0,38.0,20.0,580.0,60.0,13.0,244.0,19.0,46.0,66.0,9.0,6.0,34.0,3.0,2.0,30.0,75.0,35.0,5.0,,2.0,12.0,2257.0,649.0,537.0,35.0,0.5456110154905336,0.5914179104477612,0.83,0.3726708074534161,0.396551724137931,0.398989898989899,0.3732833957553059,0.5528068506184586,0.5757575757575758,0.5485232067510548,0.5554956896551724,0.5815789473684211,0.5712643678160919,0.5972882968601332,0.6059907834101382,0.6202651515151515,0.433728448275862,0.0485252140818268,0.0632054176072234,0.0453514739229024,0.0179640718562874,0.5616438356164384,0.9807692307692308,0.0909090909090909,0.6737864077669903,0.2960526315789473,0.7746212121212122,0.2249488752556237,0.7248322147651006,0.2592592592592592,0.42,0.2561576354679803,0.1941747572815534,0.2212643678160919,0.2340425531914893,0.5761589403973509,0.6866197183098591,0.8125,0.773936170212766,0.7763157894736842,0.0371621621621621,95.55716353111434,0.4666666666666667,14.779038112522686,15.360782529572338,14.31896551724138,14.700181983621476,0.2386853448275862,0.654627539503386,0.6987951807228916,0.5896551724137931,0.2376077586206896,0.5260770975056689,0.5510688836104513,0.521551724137931,0.089978448275862,0.3532934131736527,0.3597560975609756,0.423728813559322,0.1260775862068965,0.3931623931623931,0.396551724137931,0.9782608695652174,0.3076508620689655,0.3642732049036777,0.368141592920354,0.7644230769230769,0.5105263157894737,0.6391752577319587,0.2741935483870967,0.0578947368421052,0.1818181818181818,0.5,0.2473684210526315,0.4468085106382978,0.8095238095238095,0.2873563218390804,0.632,0.1333333333333333,0.3620689655172414,0.3218390804597701,0.4142857142857143,0.6724137931034483,0.3657243816254417,0.5135577567567567,0.528952564102564,0.5173534802784222,0.1279182879377431,0.1975708502024291,0.0231425091352009,0.1047203490678302,0.2606108687028957,7.123406279733585,25.73788819875777,0.2459165154264972,True,8.0,3.0,0.0099378881987577,0.0085470085470085,0.010507880910683,203506,1610612748,2023,2022-23,True,464.0,26.0,6.0,28.0,37.0,,20.0,5.0,,1.0,2.0
171402.0,2857.0,-6.0,5690.0,5698.0,1144.0,1268.0,596.0,11388.0,921.0,1307.0,175.0,236.0,155.0,237.0,532.0,1133.0,177.0,398.0,262.0,653.0,28.0,54.0,53.0,127.0,516.0,1477.0,35.0,123.0,94.0,310.0,1630.0,2838.0,778.0,2130.0,891.0,6485.0,6491.0,226.0,355.0,63.0,177.0,83.0,724.0,284.0,516.0,147.0,437.0,274.0,1283.0,1726.0,1534.0,2007.0,327.0,278.0,,10.0,1467.0,516.0,167.0,863.0,669.0,1532.0,414.0,255.0,532.0,249.0,82.0,3733.0,301.0,342.0,17.0,1016.0,942.0,89.0,2047.0,660.0,2707.0,110.0,399.0,282.0,117.0,450.0,123.0,287.0,473.0,35.0,163.0,75.0,923.0,86.0,168.0,580.0,1191.0,1.0,69.0,75.0,1148.0,144.0,29.0,522.0,21.0,81.0,213.0,23.0,15.0,126.0,8.0,8.0,79.0,236.0,127.0,14.0,1.0,3.0,12.0,5761.0,1268.0,1135.0,98.0,0.5294478527607362,0.5788061703554661,0.8598971722365039,0.3652582159624413,0.3559322033898305,0.3363844393592677,0.3669811320754716,0.5743481324876674,0.6366197183098592,0.5503875968992248,0.5630032206119162,0.6024436090225563,0.5293809024134313,0.5932047750229569,0.6204819277108434,0.573608617594255,0.428743961352657,0.0588442565186751,0.061973986228003,0.0644307149161518,0.0326633165829145,0.4875406283856988,0.898989898989899,0.1231884057971014,0.6926470588235294,0.285953177257525,0.7918939984411536,0.2301223241590214,0.7408248202799849,0.2567891373801917,0.3220779220779221,0.2998324958123953,0.1822429906542056,0.2266811279826464,0.238341968911917,0.6100917431192661,0.7057971014492753,0.8076923076923077,0.7898089171974523,0.7976539589442815,0.0473118279569892,95.67402947456856,0.538135593220339,14.885061511423553,15.216918216918216,14.347275922671352,14.627237627237628,0.2630837359098228,0.7046671767406274,0.7512234910277324,0.5776330076004343,0.2280595813204509,0.46954986760812,0.5018867924528302,0.4680451127819549,0.0801127214170692,0.4447236180904522,0.4597402597402597,0.4632768361581921,0.1314412238325281,0.4012251148545176,0.4049459041731066,0.9732824427480916,0.2973027375201288,0.3493568043331077,0.3519781718963165,0.8023255813953488,0.4436090225563909,0.7415254237288136,0.1828571428571428,0.1015037593984962,0.5185185185185185,0.8571428571428571,0.231203007518797,0.2845528455284553,0.7142857142857143,0.2486883525708289,0.6540084388185654,0.1332633788037775,0.4173228346456692,0.3252885624344176,0.3032258064516129,0.6918276972624798,0.3517382413087934,0.524022618086395,0.5323997041420119,0.5070078025477708,0.1010628379638262,0.1623134328358209,0.0093153237074988,0.1116422513492675,0.1978411719352351,6.603206483439046,25.631596244131448,0.2010544815465729,False,17.0,3.0,0.0079812206572769,0.009188361408882,0.0074475287745429,203506,1610612748,2023,2022-23,True,1052.0,84.0,22.0,71.0,62.0,,70.0,29.0,,1.0,5.0
